车ID,报警,空车,顶灯状态,高架,刹车,接收时间,GPS测定时间,经度,纬度,速度,方向
00002,0,1,1,0,0,2015-04-01 00:59:01,2015-04-01 00:58:55,121.428555,31.273560,0.0,109.0
00002,0,1,1,0,0,2015-04-01 00:59:51,2015-04-01 00:59:45,121.428548,31.273563,0.0,109.0
00002,0,1,1,0,0,2015-04-01 00:59:20,2015-04-01 00:59:15,121.428555,31.273560,0.0,109.0
00002,0,1,1,0,0,2015-04-01 00:59:40,2015-04-01 00:59:35,121.428555,31.273560,0.0,109.0
00002,0,1,1,0,0,2015-04-01 00:59:30,2015-04-01 00:59:25,121.428555,31.273560,0.0,109.0
00002,0,1,1,0,0,2015-04-01 00:59:11,2015-04-01 00:59:05,121.428555,31.273560,0.0,109.0
00004,0,1,1,0,0,2015-04-01 00:59:29,2015-04-01 00:59:24,121.396163,31.233547,0.0,350.0
00004,0,1,1,0,0,2015-04-01 00:59:09,2015-04-01 00:59:04,121.396163,31.233547,0.0,350.0
00004,0,1,1,0,0,2015-04-01 00:59:40,2015-04-01 00:59:34,121.396163,31.233547,0.0,350.0
00004,0,1,1,0,0,2015-04-01 00:59:50,2015-04-01 00:59:44,121.396163,31.233547,0.0,350.0
00004,0,1,1,0,0,2015-04-01 00:59:20,2015-04-01 00:59:14,121.396163,31.233547,0.0,350.0
00005,0,1,1,0,0,2015-04-01 00:59:32,2015-04-01 00:59:26,121.418282,31.195157,0.0,115.0
00005,0,1,1,0,0,2015-04-01 00:59:02,2015-04-01 00:58:56,121.418272,31.195148,0.0,92.0
00005,0,1,1,0,0,2015-04-01 00:59:22,2015-04-01 00:59:16,121.418263,31.195148,0.0,115.0
00005,0,1,1,0,0,2015-04-01 00:59:12,2015-04-01 00:59:06,121.418298,31.195140,0.0,115.0
00005,0,1,1,0,0,2015-04-01 00:59:42,2015-04-01 00:59:36,121.418263,31.195128,0.0,115.0
00005,0,1,1,0,0,2015-04-01 00:59:52,2015-04-01 00:59:46,121.418268,31.195110,0.0,115.0
00006,0,1,1,0,0,2015-04-01 00:59:46,2015-04-01 00:59:40,121.474875,31.135375,0.0,278.0
00006,0,1,1,0,0,2015-04-01 00:59:16,2015-04-01 00:59:10,121.474875,31.135377,0.0,278.0
00006,0,1,1,0,0,2015-04-01 00:59:56,2015-04-01 00:59:50,121.474875,31.135377,0.0,278.0
00006,0,1,1,0,0,2015-04-01 00:59:06,2015-04-01 00:59:00,121.474875,31.135380,0.0,278.0
00006,0,1,1,0,0,2015-04-01 00:59:36,2015-04-01 00:59:30,121.474873,31.135373,0.0,278.0
00006,0,1,1,0,0,2015-04-01 00:59:26,2015-04-01 00:59:20,121.474870,31.135373,0.0,278.0
00007,0,1,1,0,0,2015-04-01 00:59:05,2015-04-01 00:58:59,121.578837,31.264383,0.0,61.0
00007,0,1,1,0,0,2015-04-01 00:59:24,2015-04-01 00:59:19,121.578847,31.264377,0.0,61.0
00007,0,1,1,0,0,2015-04-01 00:59:35,2015-04-01 00:59:29,121.578847,31.264377,0.0,61.0
00007,0,1,1,0,0,2015-04-01 00:59:15,2015-04-01 00:59:09,121.578847,31.264377,0.0,61.0
00007,0,1,1,0,0,2015-04-01 00:59:55,2015-04-01 00:59:49,121.578847,31.264377,0.0,61.0
00007,0,1,1,0,0,2015-04-01 00:59:45,2015-04-01 00:59:39,121.578847,31.264377,0.0,61.0
00009,0,1,1,0,0,2015-04-01 00:59:55,2015-04-01 00:59:49,121.468880,31.043683,0.0,109.0
00009,0,1,1,0,0,2015-04-01 00:59:15,2015-04-01 00:59:09,121.468945,31.043667,0.0,109.0
00009,0,1,1,0,0,2015-04-01 00:59:05,2015-04-01 00:58:59,121.468953,31.043663,0.0,109.0
00009,0,1,1,0,0,2015-04-01 00:59:45,2015-04-01 00:59:39,121.468893,31.043680,0.0,109.0
00009,0,1,1,0,0,2015-04-01 00:59:25,2015-04-01 00:59:19,121.468933,31.043665,0.0,109.0
00009,0,1,1,0,0,2015-04-01 00:59:35,2015-04-01 00:59:29,121.468912,31.043673,0.0,109.0
00010,0,1,1,0,0,2015-04-01 00:59:56,2015-04-01 00:59:50,121.363030,31.303575,0.0,87.0
00010,0,1,1,0,0,2015-04-01 00:59:16,2015-04-01 00:59:10,121.363048,31.303550,0.0,87.0
00010,0,1,1,0,0,2015-04-01 00:59:46,2015-04-01 00:59:40,121.363033,31.303572,0.0,87.0
00010,0,1,1,0,0,2015-04-01 00:59:36,2015-04-01 00:59:30,121.363037,31.303567,0.0,87.0
00010,0,1,1,0,0,2015-04-01 00:59:26,2015-04-01 00:59:20,121.363043,31.303558,0.0,87.0
00010,0,1,1,0,0,2015-04-01 00:59:06,2015-04-01 00:59:00,121.363053,31.303540,0.0,87.0
00011,0,0,0,0,0,2015-04-01 00:59:12,2015-04-01 00:59:07,121.392913,31.304082,0.0,15.0
00011,0,0,0,0,0,2015-04-01 00:59:42,2015-04-01 00:59:37,121.392913,31.304082,0.0,15.0
00011,0,0,0,0,0,2015-04-01 00:59:52,2015-04-01 00:59:47,121.392913,31.304082,0.0,15.0
00011,0,0,0,0,0,2015-04-01 00:59:03,2015-04-01 00:58:57,121.392913,31.304082,0.0,15.0
00011,0,0,0,0,0,2015-04-01 00:59:32,2015-04-01 00:59:27,121.392913,31.304082,0.0,15.0
00011,0,0,0,0,0,2015-04-01 00:59:23,2015-04-01 00:59:17,121.392913,31.304082,0.0,15.0
00012,0,0,0,0,0,2015-04-01 00:59:27,2015-04-01 00:59:21,121.563725,31.193713,0.0,326.0
00012,0,0,0,0,0,2015-04-01 00:59:17,2015-04-01 00:59:11,121.563723,31.193717,0.0,326.0
00012,0,0,0,0,0,2015-04-01 00:59:37,2015-04-01 00:59:31,121.563728,31.193712,0.0,326.0
00012,0,0,0,0,0,2015-04-01 00:59:47,2015-04-01 00:59:41,121.563730,31.193708,0.0,326.0
00012,0,0,0,0,0,2015-04-01 00:59:57,2015-04-01 00:59:51,121.563732,31.193707,0.0,326.0
00012,0,0,0,0,0,2015-04-01 00:59:07,2015-04-01 00:59:01,121.563723,31.193718,0.0,326.0
00013,0,1,1,0,0,2015-04-01 00:59:05,2015-04-01 00:59:00,121.375253,31.324373,0.0,127.0
00013,0,1,1,0,0,2015-04-01 00:59:16,2015-04-01 00:59:10,121.375253,31.324373,0.0,127.0
00013,0,1,1,0,0,2015-04-01 00:59:46,2015-04-01 00:59:40,121.375240,31.324382,0.0,127.0
00013,0,1,1,0,0,2015-04-01 00:59:36,2015-04-01 00:59:30,121.375240,31.324382,0.0,127.0
00013,0,1,1,0,0,2015-04-01 00:59:56,2015-04-01 00:59:50,121.375240,31.324382,0.0,127.0
00013,0,1,1,0,0,2015-04-01 00:59:26,2015-04-01 00:59:20,121.375240,31.324382,0.0,127.0
00015,0,1,1,0,0,2015-04-01 00:59:15,2015-04-01 00:59:09,121.303972,31.247897,0.0,62.0
00015,0,1,1,0,0,2015-04-01 00:59:25,2015-04-01 00:59:19,121.303972,31.247897,0.0,62.0
00015,0,1,1,0,0,2015-04-01 00:59:35,2015-04-01 00:59:29,121.303972,31.247897,0.0,62.0
00015,0,1,1,0,0,2015-04-01 00:59:55,2015-04-01 00:59:49,121.303972,31.247897,0.0,62.0
00015,0,1,1,0,0,2015-04-01 00:59:45,2015-04-01 00:59:39,121.303972,31.247897,0.0,62.0
00015,0,1,1,0,0,2015-04-01 00:59:05,2015-04-01 00:58:59,121.303972,31.247897,0.0,62.0
00017,0,1,1,0,0,2015-04-01 00:59:54,2015-04-01 00:59:49,121.473470,31.253247,0.0,268.0
00017,0,1,1,0,0,2015-04-01 00:59:15,2015-04-01 00:59:09,121.473465,31.253255,0.0,268.0
00017,0,1,1,0,0,2015-04-01 00:59:25,2015-04-01 00:59:19,121.473465,31.253255,0.0,268.0
00017,0,1,1,0,0,2015-04-01 00:59:44,2015-04-01 00:59:39,121.473470,31.253247,0.0,268.0
00017,0,1,1,0,0,2015-04-01 00:59:35,2015-04-01 00:59:29,121.473465,31.253255,0.0,268.0
00017,0,1,1,0,0,2015-04-01 00:59:05,2015-04-01 00:58:59,121.473465,31.253255,0.0,268.0
00018,0,0,0,0,0,2015-04-01 00:59:19,2015-04-01 00:59:13,121.361717,31.303680,0.0,66.0
00018,0,0,0,0,0,2015-04-01 00:59:48,2015-04-01 00:59:43,121.361710,31.303673,0.0,66.0
00018,0,0,0,0,0,2015-04-01 00:59:29,2015-04-01 00:59:23,121.361717,31.303680,0.0,66.0
00018,0,0,0,0,0,2015-04-01 00:59:59,2015-04-01 00:59:53,121.361710,31.303673,0.0,66.0
00018,0,0,0,0,0,2015-04-01 00:59:39,2015-04-01 00:59:33,121.361710,31.303673,0.0,66.0
00018,0,0,0,0,0,2015-04-01 00:59:08,2015-04-01 00:59:03,121.361717,31.303680,0.0,66.0
00021,0,1,1,0,0,2015-04-01 00:59:44,2015-04-01 00:59:38,121.324520,31.265770,0.0,7.0
00021,0,1,1,0,0,2015-04-01 00:59:14,2015-04-01 00:59:08,121.324522,31.265772,0.0,7.0
00021,0,1,1,0,0,2015-04-01 00:59:03,2015-04-01 00:58:58,121.324518,31.265768,0.0,7.0
00021,0,1,1,0,0,2015-04-01 00:59:54,2015-04-01 00:59:48,121.324515,31.265768,0.0,7.0
00021,0,1,1,0,0,2015-04-01 00:59:34,2015-04-01 00:59:28,121.324523,31.265772,0.0,7.0
00021,0,1,1,0,0,2015-04-01 00:59:24,2015-04-01 00:59:18,121.324523,31.265772,0.0,7.0
00022,0,1,1,0,0,2015-04-01 00:59:21,2015-04-01 00:59:15,121.380682,31.277430,0.0,340.0
00022,0,1,1,0,0,2015-04-01 00:59:40,2015-04-01 00:59:35,121.380682,31.277430,0.0,340.0
00022,0,1,1,0,0,2015-04-01 00:59:10,2015-04-01 00:59:05,121.380682,31.277430,0.0,340.0
00022,0,1,1,0,0,2015-04-01 00:59:01,2015-04-01 00:58:55,121.380682,31.277430,0.0,340.0
00022,0,1,1,0,0,2015-04-01 00:59:50,2015-04-01 00:59:45,121.380682,31.277430,0.0,340.0
00022,0,1,1,0,0,2015-04-01 00:59:30,2015-04-01 00:59:25,121.380682,31.277430,0.0,340.0
00023,0,1,1,0,0,2015-04-01 00:59:12,2015-04-01 00:59:07,121.399848,31.026597,0.0,70.0
00023,0,1,1,0,0,2015-04-01 00:59:53,2015-04-01 00:59:47,121.399845,31.026593,0.0,70.0
00023,0,1,1,0,0,2015-04-01 00:59:42,2015-04-01 00:59:37,121.399845,31.026593,0.0,70.0
00023,0,1,1,0,0,2015-04-01 00:59:22,2015-04-01 00:59:17,121.399845,31.026593,0.0,70.0
00023,0,1,1,0,0,2015-04-01 00:59:02,2015-04-01 00:58:57,121.399848,31.026597,0.0,70.0
00023,0,1,1,0,0,2015-04-01 00:59:32,2015-04-01 00:59:27,121.399845,31.026593,0.0,70.0
00024,0,1,1,0,0,2015-04-01 00:59:43,2015-04-01 00:59:37,121.440547,31.235730,0.0,87.0
00024,0,1,1,0,0,2015-04-01 00:59:53,2015-04-01 00:59:47,121.440547,31.235730,0.0,87.0
00024,0,1,1,0,0,2015-04-01 00:59:33,2015-04-01 00:59:27,121.440547,31.235730,0.0,87.0
00024,0,1,1,0,0,2015-04-01 00:59:13,2015-04-01 00:59:07,121.440547,31.235730,0.0,87.0
00024,0,1,1,0,0,2015-04-01 00:59:23,2015-04-01 00:59:17,121.440547,31.235730,0.0,87.0
00024,0,1,1,0,0,2015-04-01 00:59:03,2015-04-01 00:58:57,121.440547,31.235725,0.0,87.0
00025,0,1,1,0,0,2015-04-01 00:59:31,2015-04-01 00:59:25,121.506425,31.269293,0.0,320.0
00025,0,1,1,0,0,2015-04-01 00:59:21,2015-04-01 00:59:15,121.506425,31.269293,0.0,320.0
00025,0,1,1,0,0,2015-04-01 00:59:11,2015-04-01 00:59:05,121.506425,31.269293,0.0,320.0
00025,0,1,1,0,0,2015-04-01 00:59:51,2015-04-01 00:59:45,121.506422,31.269295,0.0,320.0
00025,0,1,1,0,0,2015-04-01 00:59:40,2015-04-01 00:59:35,121.506425,31.269293,0.0,320.0
00026,0,1,1,0,0,2015-04-01 00:59:19,2015-04-01 00:59:13,121.337277,31.230662,0.0,138.0
00026,0,1,1,0,0,2015-04-01 00:59:29,2015-04-01 00:59:23,121.337277,31.230662,0.0,138.0
00026,0,1,1,0,0,2015-04-01 00:59:49,2015-04-01 00:59:43,121.337275,31.230662,0.0,138.0
00026,0,1,1,0,0,2015-04-01 00:59:39,2015-04-01 00:59:33,121.337275,31.230662,0.0,138.0
00026,0,1,1,0,0,2015-04-01 00:59:09,2015-04-01 00:59:03,121.337277,31.230662,0.0,138.0
00026,0,1,1,0,0,2015-04-01 00:59:58,2015-04-01 00:59:53,121.337275,31.230662,0.0,138.0
00027,0,1,1,0,0,2015-04-01 00:59:17,2015-04-01 00:59:11,121.323743,31.360713,0.0,52.0
00027,0,1,1,0,0,2015-04-01 00:59:37,2015-04-01 00:59:31,121.323733,31.360693,0.0,52.0
00027,0,1,1,0,0,2015-04-01 00:59:47,2015-04-01 00:59:41,121.323730,31.360687,0.0,52.0
00027,0,1,1,0,0,2015-04-01 00:59:07,2015-04-01 00:59:01,121.323750,31.360717,0.0,52.0
00027,0,1,1,0,0,2015-04-01 00:59:57,2015-04-01 00:59:51,121.323728,31.360682,0.0,52.0
00027,0,1,1,0,0,2015-04-01 00:59:27,2015-04-01 00:59:21,121.323738,31.360703,0.0,52.0
00028,0,1,1,0,0,2015-04-01 00:59:03,2015-04-01 00:58:57,121.474550,31.313097,0.0,84.0
00028,0,1,1,0,0,2015-04-01 00:59:32,2015-04-01 00:59:27,121.474550,31.313097,0.0,84.0
00028,0,1,1,0,0,2015-04-01 00:59:23,2015-04-01 00:59:17,121.474550,31.313097,0.0,84.0
00028,0,1,1,0,0,2015-04-01 00:59:53,2015-04-01 00:59:47,121.474542,31.313108,0.0,84.0
00028,0,1,1,0,0,2015-04-01 00:59:13,2015-04-01 00:59:07,121.474550,31.313097,0.0,84.0
00028,0,1,1,0,0,2015-04-01 00:59:43,2015-04-01 00:59:37,121.474550,31.313097,0.0,84.0
00029,0,1,1,0,0,2015-04-01 00:59:35,2015-04-01 00:59:29,121.552422,31.313637,0.0,56.0
00029,0,1,1,0,0,2015-04-01 00:59:15,2015-04-01 00:59:09,121.552422,31.313637,0.0,56.0
00029,0,1,1,0,0,2015-04-01 00:59:45,2015-04-01 00:59:39,121.552422,31.313637,0.0,56.0
00029,0,1,1,0,0,2015-04-01 00:59:24,2015-04-01 00:59:19,121.552422,31.313637,0.0,56.0
00029,0,1,1,0,0,2015-04-01 00:59:05,2015-04-01 00:58:59,121.552422,31.313637,0.0,56.0
00029,0,1,1,0,0,2015-04-01 00:59:54,2015-04-01 00:59:49,121.552420,31.313637,0.0,56.0
00031,0,1,1,0,0,2015-04-01 00:59:45,2015-04-01 00:59:39,121.429008,31.180358,0.0,227.0
00031,0,1,1,0,0,2015-04-01 00:59:35,2015-04-01 00:59:29,121.429007,31.180358,0.0,227.0
00031,0,1,1,0,0,2015-04-01 00:59:05,2015-04-01 00:58:59,121.429003,31.180357,0.0,227.0
00031,0,1,1,0,0,2015-04-01 00:59:25,2015-04-01 00:59:19,121.429005,31.180358,0.0,227.0
00031,0,1,1,0,0,2015-04-01 00:59:55,2015-04-01 00:59:49,121.429010,31.180358,0.0,227.0
00031,0,1,1,0,0,2015-04-01 00:59:15,2015-04-01 00:59:09,121.429003,31.180358,0.0,227.0
00032,0,1,1,0,0,2015-04-01 00:59:21,2015-04-01 00:59:16,121.485448,31.274317,0.0,88.0
00032,0,1,1,0,0,2015-04-01 00:59:52,2015-04-01 00:59:46,121.486520,31.274452,0.0,355.0
00032,0,1,1,0,0,2015-04-01 00:59:02,2015-04-01 00:58:56,121.485437,31.274292,0.0,88.0
00032,0,1,V,0,0,2015-04-01 00:59:31,2015-04-01 00:59:25,121.485515,31.274318,0.0,88.0
00032,0,1,1,0,0,2015-04-01 00:59:42,2015-04-01 00:59:36,121.485338,31.274328,0.0,88.0
00032,0,1,1,0,0,2015-04-01 00:59:11,2015-04-01 00:59:06,121.485440,31.274297,0.0,88.0
00033,0,1,1,0,0,2015-04-01 00:59:55,2015-04-01 00:59:50,121.348083,31.281283,0.0,67.0
00033,0,1,1,0,0,2015-04-01 00:59:46,2015-04-01 00:59:40,121.348090,31.281282,0.0,67.0
00033,0,1,1,0,0,2015-04-01 00:59:26,2015-04-01 00:59:20,121.348090,31.281282,0.0,67.0
00033,0,1,1,0,0,2015-04-01 00:59:06,2015-04-01 00:59:00,121.348090,31.281282,0.0,67.0
00033,0,1,1,0,0,2015-04-01 00:59:35,2015-04-01 00:59:30,121.348090,31.281282,0.0,67.0
00033,0,1,1,0,0,2015-04-01 00:59:15,2015-04-01 00:59:10,121.348090,31.281282,0.0,67.0
00034,0,1,1,0,0,2015-04-01 00:59:14,2015-04-01 00:59:08,121.337757,31.230960,0.0,251.0
00034,0,1,1,0,0,2015-04-01 00:59:34,2015-04-01 00:59:28,121.337757,31.230960,0.0,251.0
00034,0,1,1,0,0,2015-04-01 00:59:54,2015-04-01 00:59:48,121.337757,31.230960,0.0,251.0
00034,0,1,1,0,0,2015-04-01 00:59:44,2015-04-01 00:59:38,121.337757,31.230960,0.0,251.0
00034,0,1,1,0,0,2015-04-01 00:59:24,2015-04-01 00:59:18,121.337757,31.230960,0.0,251.0
00034,0,1,1,0,0,2015-04-01 00:59:04,2015-04-01 00:58:58,121.337757,31.230960,0.0,251.0
00035,0,1,1,0,0,2015-04-01 00:59:54,2015-04-01 00:59:48,121.401065,31.097978,0.0,166.0
00035,0,1,1,0,0,2015-04-01 00:59:44,2015-04-01 00:59:38,121.401065,31.097978,0.0,166.0
00035,0,1,1,0,0,2015-04-01 00:59:43,2015-04-01 00:58:18,121.401065,31.097972,0.0,166.0
00035,0,1,1,0,0,2015-04-01 00:59:43,2015-04-01 00:58:08,121.401065,31.097972,0.0,166.0
00036,0,1,1,0,0,2015-04-01 00:59:32,2015-04-01 00:59:26,121.353468,31.158110,0.0,337.0
00036,0,1,1,0,0,2015-04-01 00:59:22,2015-04-01 00:59:16,121.353468,31.158110,0.0,337.0
00036,0,1,1,0,0,2015-04-01 00:59:41,2015-04-01 00:59:36,121.353468,31.158110,0.0,337.0
00036,0,1,1,0,0,2015-04-01 00:59:52,2015-04-01 00:59:46,121.353473,31.158117,0.0,337.0
00036,0,1,1,0,0,2015-04-01 00:59:11,2015-04-01 00:59:06,121.353468,31.158110,0.0,337.0
00036,0,1,1,0,0,2015-04-01 00:59:02,2015-04-01 00:58:56,121.353468,31.158110,0.0,337.0
00037,0,1,1,0,0,2015-04-01 00:59:06,2015-04-01 00:59:01,121.491357,31.128477,0.0,52.0
00037,0,1,1,0,0,2015-04-01 00:59:26,2015-04-01 00:59:21,121.491357,31.128477,0.0,52.0
00037,0,1,1,0,0,2015-04-01 00:59:46,2015-04-01 00:59:41,121.491360,31.128482,0.0,52.0
00037,0,1,1,0,0,2015-04-01 00:59:16,2015-04-01 00:59:11,121.491357,31.128477,0.0,52.0
00037,0,1,1,0,0,2015-04-01 00:59:56,2015-04-01 00:59:51,121.491360,31.128482,0.0,52.0
00037,0,1,1,0,0,2015-04-01 00:59:37,2015-04-01 00:59:31,121.491357,31.128477,0.0,52.0
00038,0,1,1,0,0,2015-04-01 00:59:17,2015-04-01 00:59:11,121.536270,31.057827,0.0,326.0
00038,0,1,1,0,0,2015-04-01 00:59:37,2015-04-01 00:59:31,121.536270,31.057827,0.0,326.0
00038,0,1,1,0,0,2015-04-01 00:59:07,2015-04-01 00:59:01,121.536270,31.057827,0.0,326.0
00038,0,1,1,0,0,2015-04-01 00:59:28,2015-04-01 00:59:21,121.536270,31.057827,0.0,326.0
00038,0,1,1,0,0,2015-04-01 00:59:53,2015-04-01 00:59:41,121.536270,31.057827,0.0,326.0
00040,0,1,1,0,0,2015-04-01 00:59:13,2015-04-01 00:59:07,121.370550,31.224787,0.0,209.0
00040,0,1,1,0,0,2015-04-01 00:59:53,2015-04-01 00:59:47,121.370550,31.224787,0.0,209.0
00040,0,1,1,0,0,2015-04-01 00:59:33,2015-04-01 00:59:27,121.370550,31.224787,0.0,209.0
00040,0,1,1,0,0,2015-04-01 00:59:23,2015-04-01 00:59:17,121.370550,31.224787,0.0,209.0
00040,0,1,1,0,0,2015-04-01 00:59:43,2015-04-01 00:59:37,121.370550,31.224787,0.0,209.0
00040,0,1,1,0,0,2015-04-01 00:59:03,2015-04-01 00:58:57,121.370550,31.224790,0.0,209.0
00046,0,0,0,0,0,2015-04-01 00:59:58,2015-04-01 00:59:53,121.441950,31.226977,0.0,274.0
00046,0,0,0,0,0,2015-04-01 00:59:28,2015-04-01 00:59:23,121.441948,31.226983,0.0,274.0
00046,0,0,0,0,0,2015-04-01 00:59:18,2015-04-01 00:59:13,121.441948,31.226983,0.0,274.0
00046,0,0,0,0,0,2015-04-01 00:59:08,2015-04-01 00:59:03,121.441948,31.226983,0.0,274.0
00046,0,0,0,0,0,2015-04-01 00:59:39,2015-04-01 00:59:33,121.441950,31.226977,0.0,274.0
00046,0,0,0,0,0,2015-04-01 00:59:49,2015-04-01 00:59:43,121.441950,31.226977,0.0,274.0
00048,0,1,1,0,0,2015-04-01 00:59:43,2015-04-01 00:59:37,121.489425,31.252733,0.0,131.0
00048,0,1,1,0,0,2015-04-01 00:59:53,2015-04-01 00:59:47,121.489423,31.252735,0.0,131.0
00048,0,1,1,0,0,2015-04-01 00:59:33,2015-04-01 00:59:27,121.489425,31.252733,0.0,137.0
00048,0,1,1,0,0,2015-04-01 00:59:23,2015-04-01 00:59:17,121.489425,31.252733,0.0,137.0
00048,0,1,1,0,0,2015-04-01 00:59:12,2015-04-01 00:59:07,121.489425,31.252733,0.0,137.0
00048,0,1,1,0,0,2015-04-01 00:59:03,2015-04-01 00:58:57,121.489425,31.252733,0.0,137.0
00049,0,1,1,0,0,2015-04-01 00:59:26,2015-04-01 00:59:21,121.303675,31.247958,0.0,256.0
00049,0,1,1,0,0,2015-04-01 00:59:06,2015-04-01 00:59:01,121.303675,31.247958,0.0,256.0
00049,0,1,1,0,0,2015-04-01 00:59:17,2015-04-01 00:59:11,121.303675,31.247958,0.0,256.0
00049,0,1,1,0,0,2015-04-01 00:59:37,2015-04-01 00:59:31,121.303678,31.247960,0.0,256.0
00049,0,1,1,0,0,2015-04-01 00:59:47,2015-04-01 00:59:41,121.303678,31.247960,0.0,256.0
00049,0,1,1,0,0,2015-04-01 00:59:57,2015-04-01 00:59:51,121.303678,31.247960,0.0,256.0
00051,0,1,2,0,0,2015-04-01 00:59:08,2015-04-01 00:59:02,120.943857,30.797453,79.0,44.0
00051,0,1,2,0,0,2015-04-01 00:59:20,2015-04-01 00:59:12,120.945430,30.798860,76.0,43.0
00053,0,1,1,0,0,2015-04-01 00:59:36,2015-04-01 00:59:30,121.278538,31.222360,0.0,224.0
00053,0,1,1,0,0,2015-04-01 00:59:32,2015-04-01 00:59:10,121.278538,31.222357,0.0,224.0
00053,0,1,1,0,0,2015-04-01 00:59:32,2015-04-01 00:58:50,121.278533,31.222353,0.0,224.0
00053,0,1,1,0,0,2015-04-01 00:59:32,2015-04-01 00:59:20,121.278537,31.222358,0.0,224.0
00053,0,1,1,0,0,2015-04-01 00:59:32,2015-04-01 00:59:00,121.278538,31.222353,0.0,224.0
00053,0,1,1,0,0,2015-04-01 00:59:46,2015-04-01 00:59:40,121.278540,31.222360,0.0,224.0
00057,0,0,0,0,0,2015-04-01 00:59:45,2015-04-01 00:59:39,121.520472,31.261898,0.0,341.0
00057,0,0,0,0,0,2015-04-01 00:59:35,2015-04-01 00:59:29,121.520472,31.261898,0.0,341.0
00057,0,0,0,0,0,2015-04-01 00:59:15,2015-04-01 00:59:09,121.520472,31.261898,0.0,341.0
00057,0,0,0,0,0,2015-04-01 00:59:05,2015-04-01 00:58:59,121.520482,31.261902,0.0,341.0
00057,0,0,0,0,0,2015-04-01 00:59:55,2015-04-01 00:59:49,121.520472,31.261898,0.0,341.0
00057,0,0,0,0,0,2015-04-01 00:59:25,2015-04-01 00:59:19,121.520472,31.261898,0.0,341.0
00058,0,1,1,0,0,2015-04-01 00:59:30,2015-04-01 00:59:25,121.447162,31.206848,0.0,306.0
00058,0,1,1,0,0,2015-04-01 00:59:40,2015-04-01 00:59:35,121.447162,31.206848,0.0,306.0
00058,0,1,1,0,0,2015-04-01 00:59:50,2015-04-01 00:59:45,121.447162,31.206848,0.0,306.0
00058,0,1,1,0,0,2015-04-01 00:59:10,2015-04-01 00:59:05,121.447162,31.206843,0.0,306.0
00058,0,1,1,0,0,2015-04-01 00:59:01,2015-04-01 00:58:55,121.447162,31.206843,0.0,306.0
00058,0,1,1,0,0,2015-04-01 00:59:20,2015-04-01 00:59:15,121.447162,31.206843,0.0,306.0
00064,0,1,1,0,0,2015-04-01 00:59:59,2015-04-01 00:59:53,121.359682,31.289038,0.0,223.0
00064,0,1,1,0,0,2015-04-01 00:59:49,2015-04-01 00:59:43,121.359683,31.289042,0.0,223.0
00064,0,1,1,0,0,2015-04-01 00:59:39,2015-04-01 00:59:33,121.359685,31.289048,0.0,223.0
00064,0,1,1,0,0,2015-04-01 00:59:29,2015-04-01 00:59:23,121.359685,31.289053,0.0,223.0
00064,0,1,1,0,0,2015-04-01 00:59:19,2015-04-01 00:59:13,121.359688,31.289057,0.0,223.0
00064,0,1,1,0,0,2015-04-01 00:59:09,2015-04-01 00:59:03,121.359690,31.289052,0.0,223.0
00066,0,1,1,0,0,2015-04-01 00:59:18,2015-04-01 00:59:12,121.420053,31.227617,0.0,218.0
00066,0,1,1,0,0,2015-04-01 00:59:28,2015-04-01 00:59:22,121.420053,31.227617,0.0,218.0
00066,0,1,1,0,0,2015-04-01 00:59:48,2015-04-01 00:59:42,121.420053,31.227617,0.0,218.0
00066,0,1,1,0,0,2015-04-01 00:59:59,2015-04-01 00:59:53,121.420053,31.227617,0.0,218.0
00066,0,1,1,0,0,2015-04-01 00:59:38,2015-04-01 00:59:32,121.420053,31.227617,0.0,218.0
00066,0,1,1,0,0,2015-04-01 00:59:08,2015-04-01 00:59:02,121.420053,31.227617,0.0,218.0
00067,0,0,0,0,0,2015-04-01 00:59:05,2015-04-01 00:58:59,121.470305,31.276035,0.0,151.0
00067,0,0,0,0,0,2015-04-01 00:59:14,2015-04-01 00:59:09,121.470305,31.276035,0.0,151.0
00067,0,0,0,0,0,2015-04-01 00:59:25,2015-04-01 00:59:19,121.470305,31.276035,0.0,151.0
00067,0,0,0,0,0,2015-04-01 00:59:45,2015-04-01 00:59:39,121.470305,31.276035,0.0,151.0
00067,0,0,0,0,0,2015-04-01 00:59:54,2015-04-01 00:59:49,121.470305,31.276030,0.0,151.0
00067,0,0,0,0,0,2015-04-01 00:59:35,2015-04-01 00:59:29,121.470305,31.276035,0.0,151.0
00068,0,1,1,0,0,2015-04-01 00:59:04,2015-04-01 00:58:58,121.360950,31.348985,23.0,151.0
00068,0,1,1,0,0,2015-04-01 00:59:14,2015-04-01 00:59:08,121.361400,31.348145,43.0,153.0
00068,0,1,1,0,0,2015-04-01 00:59:44,2015-04-01 00:59:38,121.363515,31.344667,32.0,152.0
00068,0,1,1,0,0,2015-04-01 00:59:34,2015-04-01 00:59:28,121.362857,31.345798,59.0,151.0
00068,0,1,1,0,0,2015-04-01 00:59:24,2015-04-01 00:59:18,121.362055,31.347045,52.0,151.0
00068,0,1,1,0,0,2015-04-01 00:59:54,2015-04-01 00:59:48,121.363688,31.344375,0.0,167.0
00069,0,1,1,0,0,2015-04-01 00:59:03,2015-04-01 00:58:55,121.404668,31.335758,0.0,79.0
00069,0,1,1,0,0,2015-04-01 00:59:12,2015-04-01 00:59:05,121.404667,31.335762,0.0,79.0
00069,0,1,1,0,0,2015-04-01 00:59:33,2015-04-01 00:59:25,121.404677,31.335760,0.0,79.0
00069,0,1,1,0,0,2015-04-01 00:59:51,2015-04-01 00:59:45,121.404683,31.335757,0.0,79.0
00069,0,1,1,0,0,2015-04-01 00:59:41,2015-04-01 00:59:35,121.404680,31.335758,0.0,79.0
00069,0,1,1,0,0,2015-04-01 00:59:21,2015-04-01 00:59:15,121.404672,31.335760,0.0,79.0
00070,0,1,1,0,0,2015-04-01 00:59:49,2015-04-01 00:59:43,121.365575,31.336723,0.0,338.0
00070,0,1,1,0,0,2015-04-01 00:59:59,2015-04-01 00:59:53,121.365575,31.336725,0.0,338.0
00070,0,1,1,0,0,2015-04-01 00:59:39,2015-04-01 00:59:33,121.365575,31.336723,0.0,338.0
00070,0,1,1,0,0,2015-04-01 00:59:29,2015-04-01 00:59:23,121.365573,31.336727,0.0,338.0
00070,0,1,1,0,0,2015-04-01 00:59:19,2015-04-01 00:59:13,121.365573,31.336728,0.0,338.0
00070,0,1,1,0,0,2015-04-01 00:59:09,2015-04-01 00:59:03,121.365572,31.336730,0.0,338.0
00072,0,1,1,0,0,2015-04-01 00:59:18,2015-04-01 00:59:13,121.404538,31.186925,0.0,98.0
00072,0,1,1,0,0,2015-04-01 00:59:28,2015-04-01 00:59:23,121.404538,31.186925,0.0,98.0
00072,0,1,1,0,0,2015-04-01 00:59:48,2015-04-01 00:59:43,121.404538,31.186925,0.0,98.0
00072,0,1,1,0,0,2015-04-01 00:59:38,2015-04-01 00:59:33,121.404538,31.186925,0.0,98.0
00072,0,1,1,0,0,2015-04-01 00:59:59,2015-04-01 00:59:53,121.404538,31.186925,0.0,98.0
00072,0,1,1,0,0,2015-04-01 00:59:08,2015-04-01 00:59:03,121.404542,31.186918,0.0,98.0
00073,0,1,1,0,0,2015-04-01 00:59:45,2015-04-01 00:59:40,121.322557,31.119933,0.0,153.0
00073,0,1,1,0,0,2015-04-01 00:59:16,2015-04-01 00:59:10,121.322557,31.119933,0.0,153.0
00073,0,1,1,0,0,2015-04-01 00:59:05,2015-04-01 00:59:00,121.322553,31.119938,0.0,153.0
00073,0,1,1,0,0,2015-04-01 00:59:56,2015-04-01 00:59:50,121.322557,31.119933,0.0,153.0
00073,0,1,1,0,0,2015-04-01 00:59:26,2015-04-01 00:59:20,121.322557,31.119933,0.0,153.0
00073,0,1,1,0,0,2015-04-01 00:59:36,2015-04-01 00:59:30,121.322557,31.119933,0.0,153.0
00074,0,0,0,0,0,2015-04-01 00:59:21,2015-04-01 00:59:15,121.401910,31.119037,0.0,73.0
00074,0,0,0,0,0,2015-04-01 00:59:50,2015-04-01 00:59:45,121.401912,31.119037,0.0,73.0
00074,0,0,0,0,0,2015-04-01 00:59:10,2015-04-01 00:59:05,121.401910,31.119037,0.0,73.0
00074,0,0,0,0,0,2015-04-01 00:59:01,2015-04-01 00:58:55,121.401910,31.119037,0.0,73.0
00074,0,0,0,0,0,2015-04-01 00:59:30,2015-04-01 00:59:25,121.401912,31.119037,0.0,73.0
00074,0,0,0,0,0,2015-04-01 00:59:40,2015-04-01 00:59:35,121.401912,31.119037,0.0,73.0
00075,0,1,1,0,0,2015-04-01 00:59:31,2015-04-01 00:59:26,121.298088,31.213600,0.0,348.0
00075,0,1,1,0,0,2015-04-01 00:59:11,2015-04-01 00:59:06,121.298088,31.213600,0.0,348.0
00075,0,1,1,0,0,2015-04-01 00:59:21,2015-04-01 00:59:16,121.298088,31.213600,0.0,348.0
00075,0,1,1,0,0,2015-04-01 00:59:43,2015-04-01 00:59:36,121.298088,31.213600,0.0,348.0
00075,0,1,1,0,0,2015-04-01 00:59:52,2015-04-01 00:59:46,121.298093,31.213603,0.0,348.0
00075,0,1,1,0,0,2015-04-01 00:59:02,2015-04-01 00:58:56,121.298088,31.213600,0.0,348.0
00076,0,1,3,0,0,2015-04-01 00:59:02,2015-04-01 00:58:56,121.487347,31.258042,0.0,65.0
00076,0,1,3,0,0,2015-04-01 00:59:22,2015-04-01 00:59:16,121.487347,31.258042,0.0,65.0
00076,0,1,3,0,0,2015-04-01 00:59:12,2015-04-01 00:59:06,121.487347,31.258042,0.0,65.0
00076,0,1,3,0,0,2015-04-01 00:59:32,2015-04-01 00:59:26,121.487347,31.258042,0.0,65.0
00076,0,1,3,0,0,2015-04-01 00:59:52,2015-04-01 00:59:46,121.487343,31.258042,0.0,65.0
00076,0,1,3,0,0,2015-04-01 00:59:42,2015-04-01 00:59:36,121.487347,31.258042,0.0,65.0
00077,0,0,0,0,0,2015-04-01 00:59:43,2015-04-01 00:59:37,121.478147,31.251780,0.0,344.0
00077,0,0,0,0,0,2015-04-01 00:59:33,2015-04-01 00:59:27,121.478147,31.251780,0.0,344.0
00077,0,0,0,0,0,2015-04-01 00:59:13,2015-04-01 00:59:07,121.478147,31.251780,0.0,344.0
00077,0,0,0,0,0,2015-04-01 00:59:23,2015-04-01 00:59:17,121.478147,31.251780,0.0,344.0
00077,0,0,0,0,0,2015-04-01 00:59:03,2015-04-01 00:58:57,121.478147,31.251780,0.0,344.0
00077,0,0,0,0,0,2015-04-01 00:59:53,2015-04-01 00:59:47,121.478147,31.251778,0.0,344.0
00078,0,0,0,0,0,2015-04-01 00:59:03,2015-04-01 00:58:57,121.376758,31.258038,0.0,113.0
00078,0,0,0,0,0,2015-04-01 00:59:23,2015-04-01 00:59:17,121.376697,31.258057,0.0,113.0
00078,0,0,0,0,0,2015-04-01 00:59:53,2015-04-01 00:59:47,121.376642,31.258063,0.0,113.0
00078,0,0,0,0,0,2015-04-01 00:59:13,2015-04-01 00:59:07,121.376727,31.258047,0.0,113.0
00078,0,0,0,0,0,2015-04-01 00:59:43,2015-04-01 00:59:37,121.376653,31.258065,0.0,113.0
00078,0,0,0,0,0,2015-04-01 00:59:33,2015-04-01 00:59:27,121.376670,31.258062,0.0,113.0
00079,0,1,1,0,0,2015-04-01 00:59:19,2015-04-01 00:59:12,121.430652,31.242617,0.0,69.0
00079,0,1,1,0,0,2015-04-01 00:59:58,2015-04-01 00:59:52,121.430643,31.242615,0.0,69.0
00079,0,1,1,0,0,2015-04-01 00:59:08,2015-04-01 00:59:02,121.430652,31.242617,0.0,69.0
00079,0,1,1,0,0,2015-04-01 00:59:28,2015-04-01 00:59:22,121.430643,31.242615,0.0,69.0
00079,0,1,1,0,0,2015-04-01 00:59:38,2015-04-01 00:59:32,121.430643,31.242615,0.0,69.0
00079,0,1,1,0,0,2015-04-01 00:59:48,2015-04-01 00:59:42,121.430643,31.242615,0.0,69.0
00080,0,1,1,0,0,2015-04-01 00:59:35,2015-04-01 00:59:29,121.521205,31.278927,0.0,122.0
00080,0,1,1,0,0,2015-04-01 00:59:25,2015-04-01 00:59:19,121.521205,31.278927,0.0,122.0
00080,0,1,1,0,0,2015-04-01 00:59:55,2015-04-01 00:59:49,121.521210,31.278923,0.0,122.0
00080,0,1,1,0,0,2015-04-01 00:59:15,2015-04-01 00:59:09,121.521205,31.278927,0.0,122.0
00080,0,1,1,0,0,2015-04-01 00:59:05,2015-04-01 00:58:59,121.521205,31.278927,0.0,122.0
00080,0,1,1,0,0,2015-04-01 00:59:44,2015-04-01 00:59:39,121.521210,31.278923,0.0,122.0
00081,0,1,1,0,0,2015-04-01 00:59:45,2015-04-01 00:59:39,121.290722,31.301130,0.0,310.0
00081,0,1,1,0,0,2015-04-01 00:59:15,2015-04-01 00:59:09,121.290730,31.301128,0.0,310.0
00081,0,1,1,0,0,2015-04-01 00:59:05,2015-04-01 00:58:59,121.290732,31.301130,0.0,310.0
00081,0,1,1,0,0,2015-04-01 00:59:25,2015-04-01 00:59:19,121.290727,31.301128,0.0,310.0
00081,0,1,1,0,0,2015-04-01 00:59:35,2015-04-01 00:59:29,121.290723,31.301130,0.0,310.0
00081,0,1,1,0,0,2015-04-01 00:59:55,2015-04-01 00:59:49,121.290723,31.301127,0.0,310.0
00082,0,1,1,0,0,2015-04-01 00:59:59,2015-04-01 00:59:54,121.623258,31.242413,0.0,301.0
00082,0,1,1,0,0,2015-04-01 00:59:50,2015-04-01 00:59:44,121.623258,31.242413,0.0,301.0
00082,0,1,1,0,0,2015-04-01 00:59:01,2015-04-01 00:58:54,121.623265,31.242428,0.0,301.0
00082,0,1,1,0,0,2015-04-01 00:59:29,2015-04-01 00:59:24,121.623258,31.242413,0.0,301.0
00082,0,1,1,0,0,2015-04-01 00:59:10,2015-04-01 00:59:04,121.623265,31.242428,0.0,301.0
00082,0,1,1,0,0,2015-04-01 00:59:40,2015-04-01 00:59:34,121.623258,31.242413,0.0,301.0
00082,0,1,1,0,0,2015-04-01 00:59:20,2015-04-01 00:59:14,121.623258,31.242413,0.0,301.0
00083,0,1,1,0,0,2015-04-01 00:59:56,2015-04-01 00:59:50,121.344133,31.162125,0.0,6.0
00083,0,1,1,0,0,2015-04-01 00:59:36,2015-04-01 00:59:30,121.344133,31.162125,0.0,6.0
00083,0,1,1,0,0,2015-04-01 00:59:05,2015-04-01 00:59:00,121.344133,31.162125,0.0,6.0
00083,0,1,1,0,0,2015-04-01 00:59:25,2015-04-01 00:59:20,121.344133,31.162125,0.0,6.0
00083,0,1,1,0,0,2015-04-01 00:59:15,2015-04-01 00:59:10,121.344133,31.162125,0.0,6.0
00083,0,1,1,0,0,2015-04-01 00:59:45,2015-04-01 00:59:40,121.344133,31.162125,0.0,6.0
00086,0,1,1,0,0,2015-04-01 00:59:58,2015-04-01 00:59:53,121.296098,31.174388,0.0,31.0
00086,0,1,1,0,0,2015-04-01 00:59:38,2015-04-01 00:59:33,121.296098,31.174388,0.0,31.0
00086,0,1,1,0,0,2015-04-01 00:59:18,2015-04-01 00:59:13,121.296098,31.174388,0.0,31.0
00086,0,1,1,0,0,2015-04-01 00:59:48,2015-04-01 00:59:43,121.296098,31.174388,0.0,31.0
00086,0,1,1,0,0,2015-04-01 00:59:29,2015-04-01 00:59:23,121.296098,31.174388,0.0,31.0
00086,0,1,1,0,0,2015-04-01 00:59:09,2015-04-01 00:59:03,121.296098,31.174388,0.0,31.0
00087,0,1,1,0,0,2015-04-01 00:59:08,2015-04-01 00:59:03,121.388630,31.332770,0.0,8.0
00087,0,1,1,0,0,2015-04-01 00:59:19,2015-04-01 00:59:13,121.388630,31.332770,0.0,8.0
00087,0,1,1,0,0,2015-04-01 00:59:29,2015-04-01 00:59:23,121.388630,31.332770,0.0,8.0
00087,0,1,1,0,0,2015-04-01 00:59:59,2015-04-01 00:59:53,121.388630,31.332770,0.0,8.0
00087,0,1,1,0,0,2015-04-01 00:59:39,2015-04-01 00:59:33,121.388630,31.332770,0.0,8.0
00087,0,1,1,0,0,2015-04-01 00:59:49,2015-04-01 00:59:43,121.388630,31.332770,0.0,8.0
00089,0,1,1,0,0,2015-04-01 00:59:23,2015-04-01 00:59:18,121.354990,31.242725,0.0,92.0
00089,0,1,1,0,0,2015-04-01 00:59:33,2015-04-01 00:59:28,121.354990,31.242725,0.0,92.0
00089,0,1,1,0,0,2015-04-01 00:59:44,2015-04-01 00:59:38,121.354990,31.242725,0.0,92.0
00089,0,1,1,0,0,2015-04-01 00:59:54,2015-04-01 00:59:48,121.354990,31.242725,0.0,92.0
00089,0,1,1,0,0,2015-04-01 00:59:14,2015-04-01 00:59:08,121.354990,31.242725,0.0,92.0
00089,0,1,1,0,0,2015-04-01 00:59:03,2015-04-01 00:58:58,121.354990,31.242725,0.0,92.0
00090,0,1,1,0,0,2015-04-01 00:59:43,2015-04-01 00:59:37,121.403352,31.261752,0.0,176.0
00090,0,1,1,0,0,2015-04-01 00:59:02,2015-04-01 00:58:57,121.403393,31.261652,0.0,176.0
00090,0,1,1,0,0,2015-04-01 00:59:33,2015-04-01 00:59:27,121.403367,31.261745,0.0,176.0
00090,0,1,1,0,0,2015-04-01 00:59:53,2015-04-01 00:59:47,121.403340,31.261743,0.0,176.0
00090,0,1,1,0,0,2015-04-01 00:59:23,2015-04-01 00:59:17,121.403382,31.261732,0.0,176.0
00090,0,1,1,0,0,2015-04-01 00:59:12,2015-04-01 00:59:07,121.403395,31.261708,0.0,176.0
00093,0,1,1,0,0,2015-04-01 00:59:47,2015-04-01 00:59:41,121.362175,31.303648,0.0,125.0
00093,0,1,1,0,0,2015-04-01 00:59:37,2015-04-01 00:59:31,121.362175,31.303648,0.0,125.0
00093,0,1,1,0,0,2015-04-01 00:59:06,2015-04-01 00:59:01,121.362175,31.303648,0.0,140.0
00093,0,1,1,0,0,2015-04-01 00:59:27,2015-04-01 00:59:21,121.362175,31.303648,0.0,140.0
00093,0,1,1,0,0,2015-04-01 00:59:17,2015-04-01 00:59:11,121.362175,31.303648,0.0,140.0
00093,0,1,1,0,0,2015-04-01 00:59:57,2015-04-01 00:59:51,121.362177,31.303645,0.0,125.0
00094,0,1,1,0,0,2015-04-01 00:59:21,2015-04-01 00:59:15,121.477630,31.216257,0.0,28.0
00094,0,1,1,0,0,2015-04-01 00:59:11,2015-04-01 00:59:05,121.477630,31.216257,0.0,28.0
00094,0,1,1,0,0,2015-04-01 00:59:40,2015-04-01 00:59:35,121.477630,31.216257,0.0,28.0
00094,0,1,1,0,0,2015-04-01 00:59:01,2015-04-01 00:58:55,121.477630,31.216257,0.0,28.0
00094,0,1,1,0,0,2015-04-01 00:59:30,2015-04-01 00:59:25,121.477630,31.216257,0.0,28.0
00094,0,1,1,0,0,2015-04-01 00:59:50,2015-04-01 00:59:45,121.477630,31.216257,0.0,28.0
00095,0,1,1,0,0,2015-04-01 00:59:40,2015-04-01 00:59:35,121.332423,31.313183,0.0,73.0
00095,0,1,1,0,0,2015-04-01 00:59:11,2015-04-01 00:59:05,121.332423,31.313183,0.0,73.0
00095,0,1,1,0,0,2015-04-01 00:59:31,2015-04-01 00:59:25,121.332423,31.313183,0.0,73.0
00095,0,1,1,0,0,2015-04-01 00:59:21,2015-04-01 00:59:15,121.332423,31.313183,0.0,73.0
00095,0,1,1,0,0,2015-04-01 00:59:51,2015-04-01 00:59:45,121.332423,31.313183,0.0,73.0
00096,0,1,1,0,0,2015-04-01 00:59:03,2015-04-01 00:58:57,121.546220,31.204168,0.0,50.0
00096,0,1,1,0,0,2015-04-01 00:59:33,2015-04-01 00:59:27,121.546220,31.204168,0.0,50.0
00096,0,1,1,0,0,2015-04-01 00:59:53,2015-04-01 00:59:47,121.546220,31.204168,0.0,50.0
00096,0,1,1,0,0,2015-04-01 00:59:43,2015-04-01 00:59:37,121.546220,31.204168,0.0,50.0
00096,0,1,1,0,0,2015-04-01 00:59:23,2015-04-01 00:59:17,121.546220,31.204168,0.0,50.0
00096,0,1,1,0,0,2015-04-01 00:59:13,2015-04-01 00:59:07,121.546220,31.204168,0.0,50.0
00097,0,1,1,0,0,2015-04-01 00:59:50,2015-04-01 00:59:45,121.447188,31.308173,0.0,8.0
00097,0,1,1,0,0,2015-04-01 00:59:40,2015-04-01 00:59:35,121.447188,31.308173,0.0,8.0
00097,0,1,1,0,0,2015-04-01 00:59:20,2015-04-01 00:59:15,121.447188,31.308173,0.0,8.0
00097,0,1,1,0,0,2015-04-01 00:59:10,2015-04-01 00:59:05,121.447188,31.308173,0.0,8.0
00097,0,1,1,0,0,2015-04-01 00:59:30,2015-04-01 00:59:25,121.447188,31.308173,0.0,8.0
00099,0,1,1,0,0,2015-04-01 00:59:50,2015-04-01 00:59:44,121.453422,31.115120,0.0,18.0
00099,0,1,1,0,0,2015-04-01 00:59:20,2015-04-01 00:59:14,121.453392,31.115067,0.0,10.0
00099,0,1,1,0,0,2015-04-01 00:59:30,2015-04-01 00:59:24,121.453405,31.115100,0.0,10.0
00099,0,1,1,0,0,2015-04-01 00:59:10,2015-04-01 00:59:04,121.453377,31.115025,0.0,10.0
00099,0,1,1,0,0,2015-04-01 00:59:01,2015-04-01 00:58:54,121.453375,31.115012,0.0,10.0
00099,0,1,1,0,0,2015-04-01 00:59:40,2015-04-01 00:59:34,121.453412,31.115108,0.0,10.0
00100,0,1,1,0,0,2015-04-01 00:59:02,2015-04-01 00:58:56,121.408765,31.252463,0.0,214.0
00100,0,1,1,0,0,2015-04-01 00:59:32,2015-04-01 00:59:26,121.408765,31.252463,0.0,214.0
00100,0,1,1,0,0,2015-04-01 00:59:52,2015-04-01 00:59:46,121.408765,31.252463,0.0,214.0
00100,0,1,1,0,0,2015-04-01 00:59:42,2015-04-01 00:59:36,121.408765,31.252463,0.0,214.0
00100,0,1,1,0,0,2015-04-01 00:59:22,2015-04-01 00:59:16,121.408765,31.252463,0.0,214.0
00100,0,1,1,0,0,2015-04-01 00:59:12,2015-04-01 00:59:06,121.408765,31.252463,0.0,214.0
00101,0,1,1,0,0,2015-04-01 00:59:09,2015-04-01 00:59:03,121.512783,31.316525,0.0,169.0
00101,0,1,1,0,0,2015-04-01 00:59:59,2015-04-01 00:59:53,121.512783,31.316525,0.0,169.0
00101,0,1,1,0,0,2015-04-01 00:59:49,2015-04-01 00:59:43,121.512783,31.316525,0.0,169.0
00101,0,1,1,0,0,2015-04-01 00:59:29,2015-04-01 00:59:23,121.512783,31.316525,0.0,169.0
00101,0,1,1,0,0,2015-04-01 00:59:19,2015-04-01 00:59:13,121.512783,31.316525,0.0,169.0
00101,0,1,1,0,0,2015-04-01 00:59:39,2015-04-01 00:59:33,121.512783,31.316525,0.0,169.0
00104,0,1,1,0,0,2015-04-01 00:59:55,2015-04-01 00:59:50,121.390223,31.178795,0.0,298.0
00104,0,1,1,0,0,2015-04-01 00:59:25,2015-04-01 00:59:20,121.390223,31.178795,0.0,298.0
00104,0,1,1,0,0,2015-04-01 00:59:05,2015-04-01 00:59:00,121.390223,31.178795,0.0,298.0
00104,0,1,1,0,0,2015-04-01 00:59:45,2015-04-01 00:59:40,121.390223,31.178795,0.0,298.0
00104,0,1,1,0,0,2015-04-01 00:59:35,2015-04-01 00:59:30,121.390223,31.178795,0.0,298.0
00104,0,1,1,0,0,2015-04-01 00:59:15,2015-04-01 00:59:10,121.390223,31.178795,0.0,298.0
00105,0,1,1,0,0,2015-04-01 00:59:59,2015-04-01 00:59:53,121.469047,31.259672,0.0,119.0
00105,0,1,1,0,0,2015-04-01 00:59:39,2015-04-01 00:59:33,121.469047,31.259672,0.0,29.0
00105,0,1,1,0,0,2015-04-01 00:59:19,2015-04-01 00:59:13,121.469047,31.259672,0.0,29.0
00105,0,1,1,0,0,2015-04-01 00:59:09,2015-04-01 00:59:03,121.469048,31.259672,0.0,119.0
00105,0,1,1,0,0,2015-04-01 00:59:48,2015-04-01 00:59:43,121.469047,31.259672,0.0,29.0
00105,0,1,1,0,0,2015-04-01 00:59:28,2015-04-01 00:59:23,121.469047,31.259672,0.0,29.0
00106,0,1,1,0,0,2015-04-01 00:59:52,2015-04-01 00:59:46,121.328327,31.249920,0.0,168.0
00106,0,1,1,0,0,2015-04-01 00:59:02,2015-04-01 00:58:56,121.328325,31.249925,0.0,168.0
00106,0,1,1,0,0,2015-04-01 00:59:42,2015-04-01 00:59:36,121.328327,31.249920,0.0,168.0
00106,0,1,1,0,0,2015-04-01 00:59:22,2015-04-01 00:59:16,121.328327,31.249920,0.0,168.0
00106,0,1,1,0,0,2015-04-01 00:59:32,2015-04-01 00:59:26,121.328327,31.249920,0.0,168.0
00106,0,1,1,0,0,2015-04-01 00:59:12,2015-04-01 00:59:06,121.328325,31.249925,0.0,168.0
00107,0,1,1,0,0,2015-04-01 00:59:27,2015-04-01 00:59:21,121.362447,31.292020,0.0,126.0
00107,0,1,1,0,0,2015-04-01 00:59:17,2015-04-01 00:59:11,121.362458,31.292007,0.0,126.0
00107,0,1,1,0,0,2015-04-01 00:59:37,2015-04-01 00:59:31,121.362438,31.292038,0.0,126.0
00107,0,1,1,0,0,2015-04-01 00:59:47,2015-04-01 00:59:41,121.362443,31.292043,0.0,126.0
00107,0,1,1,0,0,2015-04-01 00:59:07,2015-04-01 00:59:01,121.362468,31.291995,0.0,126.0
00107,0,1,1,0,0,2015-04-01 00:59:57,2015-04-01 00:59:51,121.362497,31.292028,0.0,126.0
00108,0,1,1,0,0,2015-04-01 00:59:21,2015-04-01 00:59:15,121.302370,31.248033,0.0,10.0
00108,0,1,1,0,0,2015-04-01 00:59:31,2015-04-01 00:59:25,121.302370,31.248033,0.0,10.0
00108,0,1,1,0,0,2015-04-01 00:59:40,2015-04-01 00:59:35,121.302370,31.248032,0.0,10.0
00108,0,1,1,0,0,2015-04-01 00:59:51,2015-04-01 00:59:45,121.302370,31.248032,0.0,10.0
00108,0,1,1,0,0,2015-04-01 00:59:10,2015-04-01 00:59:05,121.302370,31.248033,0.0,10.0
00109,0,1,1,0,0,2015-04-01 00:59:54,2015-04-01 00:59:48,121.469208,31.043947,0.0,21.0
00109,0,1,1,0,0,2015-04-01 00:59:44,2015-04-01 00:59:38,121.469207,31.043942,0.0,21.0
00109,0,1,1,0,0,2015-04-01 00:59:04,2015-04-01 00:58:58,121.469183,31.043922,0.0,21.0
00109,0,1,1,0,0,2015-04-01 00:59:14,2015-04-01 00:59:08,121.469183,31.043917,0.0,21.0
00109,0,1,1,0,0,2015-04-01 00:59:24,2015-04-01 00:59:18,121.469192,31.043922,0.0,21.0
00109,0,1,1,0,0,2015-04-01 00:59:34,2015-04-01 00:59:28,121.469202,31.043933,0.0,21.0
00111,0,0,0,0,0,2015-04-01 00:59:06,2015-04-01 00:59:00,121.535313,31.245443,0.0,109.0
00111,0,0,0,0,0,2015-04-01 00:59:16,2015-04-01 00:59:10,121.535307,31.245482,0.0,109.0
00111,0,0,0,0,0,2015-04-01 00:59:56,2015-04-01 00:59:50,121.535278,31.245540,0.0,109.0
00111,0,0,0,0,0,2015-04-01 00:59:26,2015-04-01 00:59:20,121.535295,31.245518,0.0,109.0
00111,0,0,0,0,0,2015-04-01 00:59:45,2015-04-01 00:59:40,121.535278,31.245550,0.0,109.0
00111,0,0,0,0,0,2015-04-01 00:59:36,2015-04-01 00:59:30,121.535285,31.245542,0.0,109.0
00112,0,1,1,0,0,2015-04-01 00:59:40,2015-04-01 00:59:35,121.372763,31.316350,0.0,279.0
00112,0,1,1,0,0,2015-04-01 00:59:30,2015-04-01 00:59:25,121.372763,31.316350,0.0,279.0
00112,0,1,1,0,0,2015-04-01 00:59:20,2015-04-01 00:59:15,121.372770,31.316367,0.0,279.0
00112,0,1,1,0,0,2015-04-01 00:59:51,2015-04-01 00:59:45,121.372763,31.316350,0.0,279.0
00112,0,1,1,0,0,2015-04-01 00:59:11,2015-04-01 00:59:05,121.372770,31.316367,0.0,279.0
00113,0,1,1,0,0,2015-04-01 00:59:07,2015-04-01 00:59:01,121.638080,31.219517,0.0,227.0
00113,0,1,1,0,0,2015-04-01 00:59:17,2015-04-01 00:59:11,121.638082,31.219517,0.0,227.0
00113,0,1,1,0,0,2015-04-01 00:59:37,2015-04-01 00:59:31,121.638083,31.219517,0.0,227.0
00113,0,1,1,0,0,2015-04-01 00:59:47,2015-04-01 00:59:41,121.638083,31.219515,0.0,227.0
00113,0,1,1,0,0,2015-04-01 00:59:27,2015-04-01 00:59:21,121.638083,31.219517,0.0,227.0
00113,0,1,1,0,0,2015-04-01 00:59:57,2015-04-01 00:59:51,121.638083,31.219515,0.0,227.0
00116,0,1,1,0,0,2015-04-01 00:59:20,2015-04-01 00:59:15,121.465142,31.228048,0.0,44.0
00116,0,1,1,0,0,2015-04-01 00:59:40,2015-04-01 00:59:35,121.465138,31.228050,0.0,44.0
00116,0,1,1,0,0,2015-04-01 00:59:01,2015-04-01 00:58:55,121.465142,31.228048,0.0,44.0
00116,0,1,1,0,0,2015-04-01 00:59:30,2015-04-01 00:59:25,121.465142,31.228048,0.0,44.0
00116,0,1,1,0,0,2015-04-01 00:59:10,2015-04-01 00:59:05,121.465142,31.228048,0.0,44.0
00116,0,1,1,0,0,2015-04-01 00:59:50,2015-04-01 00:59:45,121.465138,31.228050,0.0,44.0
00123,0,1,1,0,0,2015-04-01 00:59:01,2015-04-01 00:58:54,121.342797,31.215907,0.0,200.0
00123,0,1,1,0,0,2015-04-01 00:59:40,2015-04-01 00:59:34,121.342797,31.215910,0.0,200.0
00123,0,1,1,0,0,2015-04-01 00:59:29,2015-04-01 00:59:24,121.342797,31.215910,0.0,200.0
00123,0,1,1,0,0,2015-04-01 00:59:50,2015-04-01 00:59:44,121.342797,31.215910,0.0,200.0
00123,0,1,1,0,0,2015-04-01 00:59:20,2015-04-01 00:59:14,121.342797,31.215910,0.0,200.0
00123,0,1,1,0,0,2015-04-01 00:59:10,2015-04-01 00:59:04,121.342797,31.215907,0.0,200.0
00125,0,1,1,0,0,2015-04-01 00:59:19,2015-04-01 00:59:14,121.403708,31.318392,0.0,195.0
00125,0,1,1,0,0,2015-04-01 00:59:10,2015-04-01 00:59:04,121.403708,31.318392,0.0,195.0
00125,0,1,1,0,0,2015-04-01 00:59:01,2015-04-01 00:58:54,121.403708,31.318392,0.0,195.0
00125,0,1,1,0,0,2015-04-01 00:59:59,2015-04-01 00:59:54,121.403718,31.318400,0.0,195.0
00125,0,1,1,0,0,2015-04-01 00:59:40,2015-04-01 00:59:34,121.403718,31.318400,0.0,195.0
00125,0,1,1,0,0,2015-04-01 00:59:50,2015-04-01 00:59:44,121.403718,31.318400,0.0,195.0
00125,0,1,1,0,0,2015-04-01 00:59:29,2015-04-01 00:59:24,121.403718,31.318400,0.0,195.0
00126,0,1,1,0,0,2015-04-01 00:59:57,2015-04-01 00:59:51,121.407773,31.301988,0.0,172.0
00126,0,1,1,0,0,2015-04-01 00:59:27,2015-04-01 00:59:21,121.407847,31.302057,0.0,169.0
00126,0,1,1,0,0,2015-04-01 00:59:07,2015-04-01 00:59:01,121.407882,31.302085,0.0,169.0
00126,0,1,1,0,0,2015-04-01 00:59:37,2015-04-01 00:59:31,121.407808,31.302013,0.0,169.0
00126,0,1,1,0,0,2015-04-01 00:59:17,2015-04-01 00:59:11,121.407870,31.302100,0.0,169.0
00126,0,1,1,0,0,2015-04-01 00:59:47,2015-04-01 00:59:41,121.407777,31.302032,0.0,169.0
00127,0,0,0,0,0,2015-04-01 00:59:08,2015-04-01 00:59:02,121.481222,31.231697,0.0,328.0
00127,0,0,0,0,0,2015-04-01 00:59:18,2015-04-01 00:59:12,121.481230,31.231697,0.0,328.0
00127,0,0,0,0,0,2015-04-01 00:59:58,2015-04-01 00:59:52,121.481253,31.231692,0.0,328.0
00127,0,0,0,0,0,2015-04-01 00:59:28,2015-04-01 00:59:22,121.481238,31.231697,0.0,328.0
00127,0,0,0,0,0,2015-04-01 00:59:48,2015-04-01 00:59:42,121.481252,31.231697,0.0,328.0
00127,0,0,0,0,0,2015-04-01 00:59:38,2015-04-01 00:59:32,121.481245,31.231697,0.0,328.0
00128,0,1,1,0,0,2015-04-01 00:59:57,2015-04-01 00:59:51,121.367913,31.239340,0.0,292.0
00128,0,1,1,0,0,2015-04-01 00:59:47,2015-04-01 00:59:41,121.367913,31.239340,0.0,292.0
00128,0,1,1,0,0,2015-04-01 00:59:06,2015-04-01 00:59:01,121.367918,31.239342,0.0,292.0
00128,0,1,1,0,0,2015-04-01 00:59:36,2015-04-01 00:59:31,121.367913,31.239340,0.0,292.0
00128,0,1,1,0,0,2015-04-01 00:59:27,2015-04-01 00:59:21,121.367918,31.239342,0.0,292.0
00128,0,1,1,0,0,2015-04-01 00:59:17,2015-04-01 00:59:11,121.367918,31.239342,0.0,292.0
00129,0,1,1,0,0,2015-04-01 00:59:05,2015-04-01 00:58:59,121.439073,31.173007,0.0,66.0
00129,0,1,1,0,0,2015-04-01 00:59:45,2015-04-01 00:59:39,121.439043,31.173023,0.0,66.0
00129,0,1,1,0,0,2015-04-01 00:59:15,2015-04-01 00:59:09,121.439058,31.172995,0.0,66.0
00129,0,1,1,0,0,2015-04-01 00:59:25,2015-04-01 00:59:19,121.439038,31.172995,0.0,66.0
00129,0,1,1,0,0,2015-04-01 00:59:35,2015-04-01 00:59:29,121.439037,31.173007,0.0,66.0
00129,0,1,1,0,0,2015-04-01 00:59:55,2015-04-01 00:59:49,121.439052,31.173035,0.0,66.0
00130,0,1,1,0,0,2015-04-01 00:59:21,2015-04-01 00:59:15,121.490707,31.224147,0.0,277.0
00130,0,1,1,0,0,2015-04-01 00:59:01,2015-04-01 00:58:55,121.490707,31.224147,0.0,277.0
00130,0,1,1,0,0,2015-04-01 00:59:40,2015-04-01 00:59:35,121.490710,31.224147,0.0,277.0
00130,0,1,1,0,0,2015-04-01 00:59:10,2015-04-01 00:59:05,121.490707,31.224147,0.0,277.0
00130,0,1,1,0,0,2015-04-01 00:59:50,2015-04-01 00:59:45,121.490710,31.224147,0.0,277.0
00130,0,1,1,0,0,2015-04-01 00:59:30,2015-04-01 00:59:25,121.490710,31.224147,0.0,277.0
00132,0,1,1,0,0,2015-04-01 00:59:40,2015-04-01 00:59:34,121.490020,31.122147,0.0,351.0
00132,0,1,1,0,0,2015-04-01 00:59:20,2015-04-01 00:59:14,121.490020,31.122147,0.0,351.0
00132,0,1,1,0,0,2015-04-01 00:59:10,2015-04-01 00:59:04,121.490020,31.122147,0.0,351.0
00132,0,1,1,0,0,2015-04-01 00:59:59,2015-04-01 00:59:54,121.490020,31.122143,0.0,351.0
00132,0,1,1,0,0,2015-04-01 00:59:50,2015-04-01 00:59:44,121.490020,31.122143,0.0,351.0
00132,0,1,1,0,0,2015-04-01 00:59:30,2015-04-01 00:59:24,121.490020,31.122147,0.0,351.0
00136,0,1,1,0,0,2015-04-01 00:59:28,2015-04-01 00:59:22,121.496707,31.148078,0.0,106.0
00136,0,1,1,0,0,2015-04-01 00:59:08,2015-04-01 00:59:02,121.496707,31.148078,0.0,106.0
00136,0,1,1,0,0,2015-04-01 00:59:58,2015-04-01 00:59:52,121.496705,31.148078,0.0,106.0
00136,0,1,1,0,0,2015-04-01 00:59:17,2015-04-01 00:59:12,121.496707,31.148078,0.0,106.0
00136,0,1,1,0,0,2015-04-01 00:59:39,2015-04-01 00:59:32,121.496707,31.148078,0.0,106.0
00136,0,1,1,0,0,2015-04-01 00:59:49,2015-04-01 00:59:42,121.496705,31.148078,0.0,106.0
00137,0,1,1,0,0,2015-04-01 00:59:06,2015-04-01 00:59:01,121.408917,31.197528,0.0,292.0
00137,0,1,1,0,0,2015-04-01 00:59:47,2015-04-01 00:59:41,121.408917,31.197528,0.0,292.0
00137,0,1,1,0,0,2015-04-01 00:59:57,2015-04-01 00:59:51,121.408917,31.197528,0.0,292.0
00137,0,1,1,0,0,2015-04-01 00:59:27,2015-04-01 00:59:21,121.408917,31.197528,0.0,292.0
00137,0,1,1,0,0,2015-04-01 00:59:37,2015-04-01 00:59:31,121.408917,31.197528,0.0,292.0
00137,0,1,1,0,0,2015-04-01 00:59:17,2015-04-01 00:59:11,121.408917,31.197528,0.0,292.0
00138,0,1,1,0,0,2015-04-01 00:59:35,2015-04-01 00:59:30,121.434812,31.113218,0.0,340.0
00138,0,1,1,0,0,2015-04-01 00:59:25,2015-04-01 00:59:20,121.434812,31.113218,0.0,340.0
00138,0,1,1,0,0,2015-04-01 00:59:05,2015-04-01 00:59:00,121.434812,31.113218,0.0,340.0
00138,0,1,1,0,0,2015-04-01 00:59:15,2015-04-01 00:59:10,121.434812,31.113218,0.0,340.0
00138,0,1,1,0,0,2015-04-01 00:59:56,2015-04-01 00:59:50,121.434807,31.113220,0.0,340.0
00138,0,1,1,0,0,2015-04-01 00:59:46,2015-04-01 00:59:40,121.434812,31.113218,0.0,340.0
00139,0,1,1,0,0,2015-04-01 00:59:11,2015-04-01 00:59:05,121.331788,31.096878,0.0,165.0
00139,0,1,1,0,0,2015-04-01 00:59:51,2015-04-01 00:59:45,121.331798,31.096875,0.0,165.0
00139,0,1,1,0,0,2015-04-01 00:59:30,2015-04-01 00:59:25,121.331798,31.096875,0.0,165.0
00139,0,1,1,0,0,2015-04-01 00:59:20,2015-04-01 00:59:15,121.331788,31.096878,0.0,165.0
00139,0,1,1,0,0,2015-04-01 00:59:01,2015-04-01 00:58:55,121.331788,31.096878,0.0,165.0
00139,0,1,1,0,0,2015-04-01 00:59:40,2015-04-01 00:59:35,121.331798,31.096875,0.0,165.0
00140,0,1,1,0,0,2015-04-01 00:59:42,2015-04-01 00:59:36,121.459827,31.199148,0.0,298.0
00140,0,1,1,0,0,2015-04-01 00:59:52,2015-04-01 00:59:46,121.459843,31.199168,0.0,298.0
00140,0,1,1,0,0,2015-04-01 00:59:32,2015-04-01 00:59:26,121.459805,31.199138,0.0,298.0
00140,0,1,1,0,0,2015-04-01 00:59:02,2015-04-01 00:58:56,121.459793,31.199142,0.0,298.0
00140,0,1,1,0,0,2015-04-01 00:59:12,2015-04-01 00:59:06,121.459795,31.199138,0.0,298.0
00140,0,1,1,0,0,2015-04-01 00:59:22,2015-04-01 00:59:16,121.459800,31.199135,0.0,298.0
00141,0,1,1,0,0,2015-04-01 00:59:28,2015-04-01 00:59:23,121.340145,31.091188,0.0,164.0
00141,0,1,1,0,0,2015-04-01 00:59:18,2015-04-01 00:59:13,121.340145,31.091188,0.0,164.0
00141,0,1,1,0,0,2015-04-01 00:59:38,2015-04-01 00:59:33,121.340145,31.091188,0.0,164.0
00141,0,1,1,0,0,2015-04-01 00:59:58,2015-04-01 00:59:53,121.340143,31.091193,0.0,164.0
00141,0,1,1,0,0,2015-04-01 00:59:09,2015-04-01 00:59:03,121.340145,31.091188,0.0,164.0
00141,0,1,1,0,0,2015-04-01 00:59:49,2015-04-01 00:59:43,121.340145,31.091188,0.0,164.0
00142,0,1,1,0,0,2015-04-01 00:59:13,2015-04-01 00:59:07,121.410538,31.257560,0.0,293.0
00142,0,1,1,0,0,2015-04-01 00:59:02,2015-04-01 00:58:57,121.410538,31.257560,0.0,293.0
00142,0,1,1,0,0,2015-04-01 00:59:53,2015-04-01 00:59:47,121.410535,31.257562,0.0,293.0
00142,0,1,1,0,0,2015-04-01 00:59:43,2015-04-01 00:59:37,121.410535,31.257562,0.0,293.0
00142,0,1,1,0,0,2015-04-01 00:59:23,2015-04-01 00:59:17,121.410535,31.257562,0.0,293.0
00142,0,1,1,0,0,2015-04-01 00:59:33,2015-04-01 00:59:27,121.410535,31.257562,0.0,293.0
00144,0,0,0,0,0,2015-04-01 00:59:15,2015-04-01 00:59:09,121.337820,31.230850,0.0,49.0
00144,0,0,0,0,0,2015-04-01 00:59:55,2015-04-01 00:59:49,121.337820,31.230850,0.0,49.0
00144,0,0,0,0,0,2015-04-01 00:59:25,2015-04-01 00:59:19,121.337820,31.230850,0.0,49.0
00144,0,0,0,0,0,2015-04-01 00:59:45,2015-04-01 00:59:39,121.337820,31.230850,0.0,49.0
00144,0,0,0,0,0,2015-04-01 00:59:35,2015-04-01 00:59:29,121.337820,31.230850,0.0,49.0
00144,0,0,0,0,0,2015-04-01 00:59:05,2015-04-01 00:58:59,121.337820,31.230850,0.0,49.0
00146,0,1,1,0,0,2015-04-01 00:59:26,2015-04-01 00:59:21,121.431015,31.379388,0.0,198.0
00146,0,1,1,0,0,2015-04-01 00:59:07,2015-04-01 00:59:01,121.431015,31.379388,0.0,288.0
00146,0,1,1,0,0,2015-04-01 00:59:17,2015-04-01 00:59:11,121.431015,31.379388,0.0,198.0
00146,0,1,1,0,0,2015-04-01 00:59:37,2015-04-01 00:59:31,121.431015,31.379388,0.0,198.0
00146,0,1,1,0,0,2015-04-01 00:59:57,2015-04-01 00:59:51,121.431015,31.379388,0.0,198.0
00146,0,1,1,0,0,2015-04-01 00:59:47,2015-04-01 00:59:41,121.431015,31.379388,0.0,198.0
00147,0,1,1,0,0,2015-04-01 00:59:05,2015-04-01 00:58:59,121.391337,31.313825,0.0,332.0
00147,0,1,1,0,0,2015-04-01 00:59:24,2015-04-01 00:59:19,121.391337,31.313825,0.0,332.0
00147,0,1,1,0,0,2015-04-01 00:59:45,2015-04-01 00:59:39,121.391338,31.313825,0.0,332.0
00147,0,1,1,0,0,2015-04-01 00:59:55,2015-04-01 00:59:49,121.391338,31.313825,0.0,332.0
00147,0,1,1,0,0,2015-04-01 00:59:14,2015-04-01 00:59:09,121.391337,31.313825,0.0,332.0
00147,0,1,1,0,0,2015-04-01 00:59:35,2015-04-01 00:59:29,121.391337,31.313825,0.0,332.0
00149,0,1,1,0,0,2015-04-01 00:59:53,2015-04-01 00:59:47,121.496620,31.270290,0.0,206.0
00149,0,1,1,0,0,2015-04-01 00:59:13,2015-04-01 00:59:07,121.496615,31.270292,0.0,206.0
00149,0,1,1,0,0,2015-04-01 00:59:33,2015-04-01 00:59:27,121.496615,31.270292,0.0,206.0
00149,0,1,1,0,0,2015-04-01 00:59:23,2015-04-01 00:59:17,121.496615,31.270292,0.0,206.0
00149,0,1,1,0,0,2015-04-01 00:59:43,2015-04-01 00:59:37,121.496615,31.270292,0.0,206.0
00149,0,1,1,0,0,2015-04-01 00:59:03,2015-04-01 00:58:57,121.496615,31.270292,0.0,206.0
00150,0,1,1,0,0,2015-04-01 00:59:37,2015-04-01 00:59:32,121.392838,31.303990,0.0,95.0
00150,0,1,1,0,0,2015-04-01 00:59:17,2015-04-01 00:59:12,121.392850,31.303983,0.0,95.0
00150,0,1,1,0,0,2015-04-01 00:59:57,2015-04-01 00:59:52,121.392838,31.303990,0.0,95.0
00150,0,1,1,0,0,2015-04-01 00:59:47,2015-04-01 00:59:42,121.392838,31.303990,0.0,95.0
00150,0,1,1,0,0,2015-04-01 00:59:07,2015-04-01 00:59:02,121.392850,31.303983,0.0,95.0
00150,0,1,1,0,0,2015-04-01 00:59:27,2015-04-01 00:59:22,121.392838,31.303990,0.0,95.0
00151,0,1,1,0,0,2015-04-01 00:59:10,2015-04-01 00:59:05,121.477813,31.239465,0.0,75.0
00151,0,1,1,0,0,2015-04-01 00:59:50,2015-04-01 00:59:45,121.477790,31.239470,0.0,345.0
00151,0,1,1,0,0,2015-04-01 00:59:20,2015-04-01 00:59:15,121.477813,31.239465,0.0,75.0
00151,0,1,1,0,0,2015-04-01 00:59:30,2015-04-01 00:59:25,121.477810,31.239463,0.0,75.0
00151,0,1,1,0,0,2015-04-01 00:59:01,2015-04-01 00:58:55,121.477810,31.239460,0.0,357.0
00151,0,1,1,0,0,2015-04-01 00:59:40,2015-04-01 00:59:35,121.477793,31.239467,0.0,345.0
00153,0,1,1,0,0,2015-04-01 00:59:14,2015-04-01 00:59:08,121.531083,31.133538,0.0,162.0
00153,0,1,1,0,0,2015-04-01 00:59:54,2015-04-01 00:59:48,121.531082,31.133537,0.0,162.0
00153,0,1,1,0,0,2015-04-01 00:59:24,2015-04-01 00:59:18,121.531083,31.133538,0.0,162.0
00153,0,1,1,0,0,2015-04-01 00:59:34,2015-04-01 00:59:28,121.531082,31.133537,0.0,162.0
00153,0,1,1,0,0,2015-04-01 00:59:04,2015-04-01 00:58:58,121.531083,31.133538,0.0,162.0
00153,0,1,1,0,0,2015-04-01 00:59:45,2015-04-01 00:59:38,121.531082,31.133537,0.0,162.0
00156,0,0,0,0,0,2015-04-01 00:59:12,2015-04-01 00:59:06,121.544843,31.284500,0.0,253.0
00156,0,0,0,0,0,2015-04-01 00:59:22,2015-04-01 00:59:16,121.544843,31.284500,0.0,253.0
00156,0,0,0,0,0,2015-04-01 00:59:53,2015-04-01 00:59:46,121.544837,31.284503,0.0,253.0
00156,0,0,0,0,0,2015-04-01 00:59:33,2015-04-01 00:59:26,121.544843,31.284500,0.0,253.0
00156,0,0,0,0,0,2015-04-01 00:59:45,2015-04-01 00:59:36,121.544843,31.284500,0.0,253.0
00156,0,0,0,0,0,2015-04-01 00:59:02,2015-04-01 00:58:56,121.544843,31.284500,0.0,253.0
00157,0,1,1,0,0,2015-04-01 00:59:35,2015-04-01 00:59:29,121.443457,31.163858,0.0,305.0
00157,0,1,1,0,0,2015-04-01 00:59:15,2015-04-01 00:59:09,121.443385,31.163903,0.0,305.0
00157,0,1,1,0,0,2015-04-01 00:59:05,2015-04-01 00:58:59,121.443350,31.163942,0.0,305.0
00157,0,1,1,0,0,2015-04-01 00:59:45,2015-04-01 00:59:39,121.443468,31.163853,0.0,305.0
00157,0,1,1,0,0,2015-04-01 00:59:25,2015-04-01 00:59:19,121.443432,31.163872,0.0,305.0
00157,0,1,1,0,0,2015-04-01 00:59:55,2015-04-01 00:59:49,121.443468,31.163857,0.0,305.0
00166,0,1,1,0,0,2015-04-01 00:59:59,2015-04-01 00:59:54,121.482183,31.169218,0.0,7.0
00166,0,1,1,0,0,2015-04-01 00:59:49,2015-04-01 00:59:44,121.482183,31.169218,0.0,7.0
00166,0,1,1,0,0,2015-04-01 00:59:29,2015-04-01 00:59:24,121.482183,31.169217,0.0,7.0
00166,0,1,1,0,0,2015-04-01 00:59:09,2015-04-01 00:59:04,121.482183,31.169217,0.0,7.0
00166,0,1,1,0,0,2015-04-01 00:59:19,2015-04-01 00:59:14,121.482183,31.169217,0.0,7.0
00166,0,1,1,0,0,2015-04-01 00:59:40,2015-04-01 00:59:34,121.482183,31.169217,0.0,7.0
00167,0,1,1,0,0,2015-04-01 00:59:46,2015-04-01 00:59:35,121.320583,31.169720,0.0,66.0
00167,0,1,1,0,0,2015-04-01 00:59:50,2015-04-01 00:59:45,121.320583,31.169720,0.0,66.0
00167,0,1,1,0,0,2015-04-01 00:59:37,2015-04-01 00:59:25,121.320583,31.169720,0.0,66.0
00167,0,1,1,0,0,2015-04-01 00:59:12,2015-04-01 00:59:05,121.320582,31.169722,0.0,66.0
00167,0,1,1,0,0,2015-04-01 00:59:21,2015-04-01 00:59:15,121.320582,31.169722,2.3,66.0
00168,0,1,1,0,0,2015-04-01 00:59:27,2015-04-01 00:59:21,121.300183,31.069805,0.0,79.0
00168,0,1,1,0,0,2015-04-01 00:59:17,2015-04-01 00:59:11,121.300183,31.069805,0.0,79.0
00168,0,1,1,0,0,2015-04-01 00:59:57,2015-04-01 00:59:51,121.300183,31.069805,0.0,79.0
00168,0,1,1,0,0,2015-04-01 00:59:37,2015-04-01 00:59:31,121.300183,31.069805,0.0,79.0
00168,0,1,1,0,0,2015-04-01 00:59:47,2015-04-01 00:59:41,121.300183,31.069805,0.0,79.0
00168,0,1,1,0,0,2015-04-01 00:59:06,2015-04-01 00:59:01,121.300178,31.069807,0.0,79.0
00169,0,1,1,0,0,2015-04-01 00:59:50,2015-04-01 00:59:45,121.390087,31.178870,0.0,288.0
00169,0,1,1,0,0,2015-04-01 00:59:40,2015-04-01 00:59:35,121.390083,31.178868,0.0,288.0
00169,0,1,1,0,0,2015-04-01 00:59:30,2015-04-01 00:59:25,121.390083,31.178868,0.0,288.0
00169,0,1,1,0,0,2015-04-01 00:59:10,2015-04-01 00:59:05,121.390083,31.178868,0.0,288.0
00169,0,1,1,0,0,2015-04-01 00:59:01,2015-04-01 00:58:55,121.390083,31.178868,0.0,288.0
00169,0,1,1,0,0,2015-04-01 00:59:20,2015-04-01 00:59:15,121.390083,31.178868,0.0,288.0
00170,0,1,1,0,0,2015-04-01 00:59:15,2015-04-01 00:59:09,121.342337,31.216038,0.0,43.0
00170,0,1,1,0,0,2015-04-01 00:59:44,2015-04-01 00:59:39,121.342338,31.216038,0.0,43.0
00170,0,1,1,0,0,2015-04-01 00:59:55,2015-04-01 00:59:49,121.342338,31.216038,0.0,43.0
00170,0,1,1,0,0,2015-04-01 00:59:05,2015-04-01 00:58:59,121.342337,31.216038,0.0,43.0
00170,0,1,1,0,0,2015-04-01 00:59:25,2015-04-01 00:59:19,121.342338,31.216038,0.0,43.0
00170,0,1,1,0,0,2015-04-01 00:59:35,2015-04-01 00:59:29,121.342338,31.216038,0.0,43.0
00172,0,1,1,0,0,2015-04-01 00:59:10,2015-04-01 00:59:04,121.458500,31.193295,0.0,120.0
00172,0,1,1,0,0,2015-04-01 00:59:50,2015-04-01 00:59:44,121.458493,31.193298,0.0,120.0
00172,0,1,1,0,0,2015-04-01 00:59:59,2015-04-01 00:59:54,121.458493,31.193298,0.0,120.0
00172,0,1,1,0,0,2015-04-01 00:59:19,2015-04-01 00:59:14,121.458500,31.193295,0.0,120.0
00172,0,1,1,0,0,2015-04-01 00:59:30,2015-04-01 00:59:24,121.458500,31.193295,0.0,120.0
00172,0,1,1,0,0,2015-04-01 00:59:39,2015-04-01 00:59:34,121.458500,31.193295,0.0,120.0
00175,0,0,0,1,0,2015-04-01 00:59:37,2015-04-01 00:59:31,121.254863,31.202985,0.0,227.0
00175,0,0,0,1,0,2015-04-01 00:59:57,2015-04-01 00:59:51,121.254863,31.202985,0.0,227.0
00175,0,0,0,1,0,2015-04-01 00:59:17,2015-04-01 00:59:11,121.254857,31.202977,0.0,227.0
00175,0,0,0,1,0,2015-04-01 00:59:07,2015-04-01 00:59:01,121.254857,31.202977,0.0,227.0
00175,0,0,0,1,0,2015-04-01 00:59:27,2015-04-01 00:59:21,121.254857,31.202977,0.0,227.0
00175,0,0,0,1,0,2015-04-01 00:59:47,2015-04-01 00:59:41,121.254863,31.202985,0.0,227.0
00176,0,1,1,0,0,2015-04-01 00:59:19,2015-04-01 00:59:13,121.463127,31.244665,0.0,200.0
00176,0,1,1,0,0,2015-04-01 00:59:29,2015-04-01 00:59:23,121.463127,31.244665,0.0,200.0
00176,0,1,1,0,0,2015-04-01 00:59:08,2015-04-01 00:59:03,121.463127,31.244665,0.0,200.0
00176,0,1,1,0,0,2015-04-01 00:59:49,2015-04-01 00:59:43,121.463123,31.244662,0.0,200.0
00176,0,1,1,0,0,2015-04-01 00:59:39,2015-04-01 00:59:33,121.463123,31.244662,0.0,200.0
00176,0,1,1,0,0,2015-04-01 00:59:59,2015-04-01 00:59:53,121.463123,31.244662,0.0,200.0
00179,0,1,1,0,0,2015-04-01 00:59:41,2015-04-01 00:59:36,121.456248,31.195815,0.0,135.0
00179,0,1,1,0,0,2015-04-01 00:59:31,2015-04-01 00:59:26,121.456248,31.195815,0.0,135.0
00179,0,1,1,0,0,2015-04-01 00:59:01,2015-04-01 00:58:56,121.456253,31.195818,0.0,135.0
00179,0,1,1,0,0,2015-04-01 00:59:51,2015-04-01 00:59:46,121.456248,31.195815,0.0,135.0
00179,0,1,1,0,0,2015-04-01 00:59:11,2015-04-01 00:59:06,121.456248,31.195815,0.0,135.0
00179,0,1,1,0,0,2015-04-01 00:59:21,2015-04-01 00:59:16,121.456248,31.195815,0.0,135.0
00180,0,1,1,0,0,2015-04-01 00:59:20,2015-04-01 00:59:15,121.442357,31.239912,0.0,24.0
00180,0,1,1,0,0,2015-04-01 00:59:40,2015-04-01 00:59:35,121.442357,31.239912,0.0,24.0
00180,0,1,1,0,0,2015-04-01 00:59:30,2015-04-01 00:59:25,121.442357,31.239912,0.0,24.0
00180,0,1,1,0,0,2015-04-01 00:59:11,2015-04-01 00:59:05,121.442357,31.239912,0.0,24.0
00180,0,1,1,0,0,2015-04-01 00:59:51,2015-04-01 00:59:45,121.442357,31.239912,0.0,24.0
00183,0,1,1,0,0,2015-04-01 00:59:47,2015-04-01 00:59:42,121.440547,31.204773,0.0,268.0
00183,0,1,1,0,0,2015-04-01 00:59:07,2015-04-01 00:59:02,121.440552,31.204773,0.0,268.0
00183,0,1,1,0,0,2015-04-01 00:59:27,2015-04-01 00:59:22,121.440547,31.204773,0.0,268.0
00183,0,1,1,0,0,2015-04-01 00:59:17,2015-04-01 00:59:12,121.440547,31.204773,0.0,268.0
00183,0,1,1,0,0,2015-04-01 00:59:38,2015-04-01 00:59:32,121.440547,31.204773,0.0,268.0
00183,0,1,1,0,0,2015-04-01 00:59:58,2015-04-01 00:59:52,121.440547,31.204773,0.0,268.0
00185,0,1,1,0,0,2015-04-01 00:59:43,2015-04-01 00:59:37,121.551183,31.274765,0.0,317.0
00185,0,1,1,0,0,2015-04-01 00:59:53,2015-04-01 00:59:47,121.551198,31.274763,0.0,317.0
00185,0,1,1,0,0,2015-04-01 00:59:23,2015-04-01 00:59:17,121.551170,31.274767,0.0,317.0
00185,0,1,1,0,0,2015-04-01 00:59:33,2015-04-01 00:59:27,121.551175,31.274767,0.0,317.0
00185,0,1,1,0,0,2015-04-01 00:59:13,2015-04-01 00:59:07,121.551168,31.274763,0.0,317.0
00185,0,1,1,0,0,2015-04-01 00:59:03,2015-04-01 00:58:57,121.551167,31.274758,0.0,317.0
00186,0,1,1,0,0,2015-04-01 00:59:59,2015-04-01 00:59:54,121.487912,31.225240,0.0,112.0
00186,0,1,1,0,0,2015-04-01 00:59:29,2015-04-01 00:59:24,121.487935,31.225233,0.0,112.0
00186,0,1,1,0,0,2015-04-01 00:59:39,2015-04-01 00:59:34,121.487935,31.225233,0.0,112.0
00186,0,1,1,0,0,2015-04-01 00:59:09,2015-04-01 00:59:04,121.487935,31.225233,0.0,112.0
00186,0,1,1,0,0,2015-04-01 00:59:19,2015-04-01 00:59:14,121.487935,31.225233,0.0,112.0
00186,0,1,1,0,0,2015-04-01 00:59:50,2015-04-01 00:59:44,121.487935,31.225233,0.0,112.0
00188,0,1,1,0,0,2015-04-01 00:59:37,2015-04-01 00:59:31,121.366032,31.128940,0.0,60.0
00188,0,1,1,0,0,2015-04-01 00:59:57,2015-04-01 00:59:51,121.366043,31.128933,0.0,60.0
00188,0,1,1,0,0,2015-04-01 00:59:07,2015-04-01 00:59:01,121.366015,31.128938,0.0,60.0
00188,0,1,1,0,0,2015-04-01 00:59:27,2015-04-01 00:59:21,121.366023,31.128942,0.0,60.0
00188,0,1,1,0,0,2015-04-01 00:59:47,2015-04-01 00:59:41,121.366038,31.128937,0.0,60.0
00188,0,1,1,0,0,2015-04-01 00:59:17,2015-04-01 00:59:11,121.366018,31.128942,0.0,60.0
00190,0,1,1,0,0,2015-04-01 00:59:57,2015-04-01 00:59:51,121.377535,31.281452,0.0,112.0
00190,0,1,1,0,0,2015-04-01 00:59:07,2015-04-01 00:59:01,121.377542,31.281447,0.0,112.0
00190,0,1,1,0,0,2015-04-01 00:59:47,2015-04-01 00:59:41,121.377535,31.281452,0.0,112.0
00190,0,1,1,0,0,2015-04-01 00:59:37,2015-04-01 00:59:31,121.377535,31.281452,0.0,112.0
00190,0,1,1,0,0,2015-04-01 00:59:17,2015-04-01 00:59:11,121.377535,31.281452,0.0,112.0
00190,0,1,1,0,0,2015-04-01 00:59:27,2015-04-01 00:59:21,121.377535,31.281452,0.0,112.0
00191,0,1,1,0,0,2015-04-01 00:59:19,2015-04-01 00:59:14,121.513370,31.317295,0.0,166.0
00191,0,1,1,0,0,2015-04-01 00:59:29,2015-04-01 00:59:24,121.513370,31.317295,0.0,166.0
00191,0,1,1,0,0,2015-04-01 00:59:39,2015-04-01 00:59:34,121.513370,31.317295,0.0,166.0
00191,0,1,1,0,0,2015-04-01 00:59:10,2015-04-01 00:59:04,121.513370,31.317295,0.0,166.0
00191,0,1,1,0,0,2015-04-01 00:59:50,2015-04-01 00:59:44,121.513370,31.317295,0.0,166.0
00192,0,1,1,0,0,2015-04-01 00:59:32,2015-04-01 00:59:27,121.521393,31.171932,0.0,158.0
00192,0,1,1,0,0,2015-04-01 00:59:53,2015-04-01 00:59:47,121.521392,31.171927,0.0,158.0
00192,0,1,1,0,0,2015-04-01 00:59:14,2015-04-01 00:59:07,121.521393,31.171932,0.0,158.0
00192,0,1,1,0,0,2015-04-01 00:59:02,2015-04-01 00:58:57,121.521393,31.171932,0.0,158.0
00192,0,1,1,0,0,2015-04-01 00:59:42,2015-04-01 00:59:37,121.521392,31.171927,0.0,158.0
00192,0,1,1,0,0,2015-04-01 00:59:23,2015-04-01 00:59:17,121.521393,31.171932,0.0,158.0
00194,0,1,1,0,0,2015-04-01 00:59:13,2015-04-01 00:59:07,121.494340,31.269847,0.0,164.0
00194,0,1,1,0,0,2015-04-01 00:59:53,2015-04-01 00:59:47,121.494353,31.269845,0.0,164.0
00194,0,1,1,0,0,2015-04-01 00:59:23,2015-04-01 00:59:17,121.494353,31.269845,0.0,164.0
00194,0,1,1,0,0,2015-04-01 00:59:43,2015-04-01 00:59:37,121.494353,31.269845,0.0,164.0
00194,0,1,1,0,0,2015-04-01 00:59:03,2015-04-01 00:58:57,121.494340,31.269847,0.0,164.0
00194,0,1,1,0,0,2015-04-01 00:59:32,2015-04-01 00:59:27,121.494353,31.269845,0.0,164.0
00197,0,1,1,0,0,2015-04-01 00:59:38,2015-04-01 00:59:33,121.392815,31.304045,0.0,134.0
00197,0,1,1,0,0,2015-04-01 00:59:19,2015-04-01 00:59:13,121.392815,31.304045,0.0,134.0
00197,0,1,1,0,0,2015-04-01 00:59:49,2015-04-01 00:59:43,121.392815,31.304045,0.0,134.0
00197,0,1,1,0,0,2015-04-01 00:59:29,2015-04-01 00:59:23,121.392815,31.304045,0.0,134.0
00197,0,1,1,0,0,2015-04-01 00:59:59,2015-04-01 00:59:53,121.392815,31.304045,0.0,134.0
00197,0,1,1,0,0,2015-04-01 00:59:09,2015-04-01 00:59:03,121.392815,31.304045,0.0,134.0
00199,0,1,1,0,0,2015-04-01 00:59:16,2015-04-01 00:59:11,121.448433,31.220895,0.0,121.0
00199,0,1,1,0,0,2015-04-01 00:59:46,2015-04-01 00:59:41,121.448433,31.220895,0.0,121.0
00199,0,1,1,0,0,2015-04-01 00:59:26,2015-04-01 00:59:21,121.448433,31.220895,0.0,121.0
00199,0,1,1,0,0,2015-04-01 00:59:56,2015-04-01 00:59:51,121.448433,31.220895,0.0,121.0
00199,0,1,1,0,0,2015-04-01 00:59:36,2015-04-01 00:59:31,121.448433,31.220895,0.0,121.0
00199,0,1,1,0,0,2015-04-01 00:59:07,2015-04-01 00:59:01,121.448433,31.220895,0.0,121.0
00202,0,1,1,0,0,2015-04-01 00:59:14,2015-04-01 00:59:08,121.376200,31.325373,0.0,299.0
00202,0,1,1,0,0,2015-04-01 00:59:54,2015-04-01 00:59:48,121.376203,31.325370,0.0,299.0
00202,0,1,1,0,0,2015-04-01 00:59:34,2015-04-01 00:59:28,121.376203,31.325370,0.0,299.0
00202,0,1,1,0,0,2015-04-01 00:59:24,2015-04-01 00:59:18,121.376203,31.325370,0.0,299.0
00202,0,1,1,0,0,2015-04-01 00:59:44,2015-04-01 00:59:38,121.376203,31.325370,0.0,299.0
00202,0,1,1,0,0,2015-04-01 00:59:04,2015-04-01 00:58:58,121.376200,31.325373,0.0,299.0
00205,0,1,1,0,0,2015-04-01 00:59:16,2015-04-01 00:59:11,121.512808,31.133463,0.0,185.0
00205,0,1,1,0,0,2015-04-01 00:59:27,2015-04-01 00:59:21,121.512810,31.133463,0.0,185.0
00205,0,1,1,0,0,2015-04-01 00:59:37,2015-04-01 00:59:31,121.512812,31.133463,0.0,185.0
00205,0,1,1,0,0,2015-04-01 00:59:57,2015-04-01 00:59:51,121.512817,31.133467,0.0,185.0
00205,0,1,1,0,0,2015-04-01 00:59:07,2015-04-01 00:59:01,121.512805,31.133462,0.0,185.0
00205,0,1,1,0,0,2015-04-01 00:59:47,2015-04-01 00:59:41,121.512813,31.133465,0.0,185.0
00207,0,1,1,0,0,2015-04-01 00:59:35,2015-04-01 00:59:30,121.548152,31.196997,0.0,284.0
00207,0,1,1,0,0,2015-04-01 00:59:05,2015-04-01 00:59:00,121.548147,31.196997,0.0,284.0
00207,0,1,1,0,0,2015-04-01 00:59:45,2015-04-01 00:59:40,121.548152,31.196997,0.0,284.0
00207,0,1,1,0,0,2015-04-01 00:59:15,2015-04-01 00:59:10,121.548152,31.196997,0.0,284.0
00207,0,1,1,0,0,2015-04-01 00:59:26,2015-04-01 00:59:20,121.548152,31.196997,0.0,284.0
00207,0,1,1,0,0,2015-04-01 00:59:56,2015-04-01 00:59:50,121.548152,31.196997,0.0,284.0
00211,0,1,1,0,0,2015-04-01 00:59:08,2015-04-01 00:59:03,121.304343,31.227830,0.0,323.0
00211,0,1,1,0,0,2015-04-01 00:59:29,2015-04-01 00:59:23,121.304343,31.227830,0.0,241.0
00211,0,1,1,0,0,2015-04-01 00:59:59,2015-04-01 00:59:53,121.304340,31.227837,0.0,241.0
00211,0,1,1,0,0,2015-04-01 00:59:39,2015-04-01 00:59:33,121.304343,31.227830,0.0,241.0
00211,0,1,1,0,0,2015-04-01 00:59:49,2015-04-01 00:59:43,121.304343,31.227830,0.0,241.0
00211,0,1,1,0,0,2015-04-01 00:59:19,2015-04-01 00:59:13,121.304343,31.227830,0.0,323.0
00212,0,1,1,0,0,2015-04-01 00:59:18,2015-04-01 00:59:12,121.455688,31.229145,0.0,59.0
00212,0,1,1,0,0,2015-04-01 00:59:48,2015-04-01 00:59:42,121.456278,31.228593,0.0,59.0
00212,0,1,1,0,0,2015-04-01 00:59:58,2015-04-01 00:59:52,121.456278,31.228593,0.0,59.0
00212,0,1,1,0,0,2015-04-01 00:59:08,2015-04-01 00:59:02,121.455688,31.229145,0.0,59.0
00212,0,1,1,0,0,2015-04-01 00:59:38,2015-04-01 00:59:32,121.455688,31.229145,0.0,59.0
00212,0,1,1,0,0,2015-04-01 00:59:27,2015-04-01 00:59:22,121.455688,31.229145,0.0,59.0
00213,0,1,1,0,0,2015-04-01 00:59:39,2015-04-01 00:59:33,121.407222,31.188340,0.0,232.0
00213,0,1,1,0,0,2015-04-01 00:59:09,2015-04-01 00:59:03,121.407222,31.188340,0.0,232.0
00213,0,1,1,0,0,2015-04-01 00:59:49,2015-04-01 00:59:43,121.407222,31.188340,0.0,232.0
00213,0,1,1,0,0,2015-04-01 00:59:59,2015-04-01 00:59:53,121.407223,31.188342,0.0,232.0
00213,0,1,1,0,0,2015-04-01 00:59:28,2015-04-01 00:59:23,121.407222,31.188340,0.0,232.0
00213,0,1,1,0,0,2015-04-01 00:59:18,2015-04-01 00:59:13,121.407222,31.188340,0.0,232.0
00214,0,1,1,0,0,2015-04-01 00:59:34,2015-04-01 00:58:47,121.538523,31.144678,0.0,55.0
00214,0,1,1,0,0,2015-04-01 00:59:34,2015-04-01 00:59:07,121.538523,31.144678,0.0,55.0
00214,0,1,1,0,0,2015-04-01 00:59:35,2015-04-01 00:59:27,121.538523,31.144673,0.0,55.0
00214,0,1,1,0,0,2015-04-01 00:59:34,2015-04-01 00:59:17,121.538523,31.144673,0.0,55.0
00214,0,1,1,0,0,2015-04-01 00:59:43,2015-04-01 00:59:37,121.538523,31.144673,0.0,55.0
00214,0,1,1,0,0,2015-04-01 00:59:34,2015-04-01 00:58:57,121.538523,31.144678,0.0,55.0
00214,0,1,1,0,0,2015-04-01 00:59:53,2015-04-01 00:59:47,121.538523,31.144673,0.0,55.0
00215,0,1,1,0,0,2015-04-01 00:59:03,2015-04-01 00:58:57,121.383112,31.292190,0.0,182.0
00215,0,1,1,0,0,2015-04-01 00:59:33,2015-04-01 00:59:27,121.383112,31.292190,0.0,182.0
00215,0,1,1,0,0,2015-04-01 00:59:53,2015-04-01 00:59:47,121.383112,31.292190,0.0,182.0
00215,0,1,1,0,0,2015-04-01 00:59:23,2015-04-01 00:59:17,121.383112,31.292190,0.0,182.0
00215,0,1,1,0,0,2015-04-01 00:59:13,2015-04-01 00:59:07,121.383112,31.292190,0.0,182.0
00215,0,1,1,0,0,2015-04-01 00:59:43,2015-04-01 00:59:37,121.383112,31.292190,0.0,182.0
00216,0,1,1,0,0,2015-04-01 00:59:04,2015-04-01 00:58:59,121.353850,31.357178,0.0,313.0
00216,0,1,1,0,0,2015-04-01 00:59:35,2015-04-01 00:59:29,121.353853,31.357178,0.0,313.0
00216,0,1,1,0,0,2015-04-01 00:59:45,2015-04-01 00:59:39,121.353853,31.357178,0.0,313.0
00216,0,1,1,0,0,2015-04-01 00:59:14,2015-04-01 00:59:09,121.353850,31.357178,0.0,313.0
00216,0,1,1,0,0,2015-04-01 00:59:55,2015-04-01 00:59:49,121.353853,31.357178,0.0,313.0
00216,0,1,1,0,0,2015-04-01 00:59:25,2015-04-01 00:59:19,121.353853,31.357178,0.0,313.0
00217,0,1,1,0,0,2015-04-01 00:59:32,2015-04-01 00:59:26,121.442525,31.262912,0.0,238.0
00217,0,1,1,0,0,2015-04-01 00:59:11,2015-04-01 00:59:06,121.442525,31.262912,0.0,238.0
00217,0,1,1,0,0,2015-04-01 00:59:02,2015-04-01 00:58:56,121.442525,31.262912,0.0,238.0
00217,0,1,1,0,0,2015-04-01 00:59:21,2015-04-01 00:59:16,121.442525,31.262912,0.0,238.0
00217,0,1,1,0,0,2015-04-01 00:59:52,2015-04-01 00:59:46,121.442528,31.262910,0.0,238.0
00217,0,1,1,0,0,2015-04-01 00:59:42,2015-04-01 00:59:36,121.442528,31.262910,0.0,238.0
00218,0,1,1,0,0,2015-04-01 00:59:43,2015-04-01 00:59:37,121.427763,31.225425,0.0,272.0
00218,0,1,1,0,0,2015-04-01 00:59:13,2015-04-01 00:59:07,121.427773,31.225408,0.0,272.0
00218,0,1,1,0,0,2015-04-01 00:59:33,2015-04-01 00:59:27,121.427768,31.225417,0.0,272.0
00218,0,1,1,0,0,2015-04-01 00:59:53,2015-04-01 00:59:47,121.427745,31.225442,0.0,272.0
00218,0,1,1,0,0,2015-04-01 00:59:03,2015-04-01 00:58:57,121.427767,31.225410,0.0,272.0
00218,0,1,1,0,0,2015-04-01 00:59:23,2015-04-01 00:59:17,121.427777,31.225410,0.0,272.0
00219,0,1,1,0,0,2015-04-01 00:59:43,2015-04-01 00:59:37,121.439348,31.110873,0.0,192.0
00219,0,1,1,0,0,2015-04-01 00:59:23,2015-04-01 00:59:17,121.439352,31.110872,0.0,192.0
00219,0,1,1,0,0,2015-04-01 00:59:53,2015-04-01 00:59:47,121.439348,31.110873,0.0,192.0
00219,0,1,1,0,0,2015-04-01 00:59:13,2015-04-01 00:59:07,121.439352,31.110872,0.0,192.0
00219,0,1,1,0,0,2015-04-01 00:59:32,2015-04-01 00:59:27,121.439348,31.110873,0.0,192.0
00219,0,1,1,0,0,2015-04-01 00:59:03,2015-04-01 00:58:57,121.439352,31.110872,0.0,192.0
00222,0,1,1,0,0,2015-04-01 00:59:25,2015-04-01 00:59:20,121.425693,31.333553,0.0,3.0
00222,0,1,1,0,0,2015-04-01 00:59:55,2015-04-01 00:59:50,121.425693,31.333553,0.0,3.0
00222,0,1,1,0,0,2015-04-01 00:59:35,2015-04-01 00:59:30,121.425693,31.333553,0.0,3.0
00222,0,1,1,0,0,2015-04-01 00:59:05,2015-04-01 00:59:00,121.425693,31.333553,0.0,3.0
00222,0,1,1,0,0,2015-04-01 00:59:15,2015-04-01 00:59:10,121.425693,31.333553,0.0,3.0
00222,0,1,1,0,0,2015-04-01 00:59:45,2015-04-01 00:59:40,121.425693,31.333553,0.0,3.0
00224,0,0,0,1,0,2015-04-01 00:59:39,2015-04-01 00:59:33,121.317910,31.249582,0.0,156.0
00224,0,0,0,1,0,2015-04-01 00:59:49,2015-04-01 00:59:43,121.317910,31.249582,0.0,156.0
00224,0,0,0,1,0,2015-04-01 00:59:58,2015-04-01 00:59:53,121.317910,31.249582,0.0,156.0
00224,0,0,0,1,0,2015-04-01 00:59:09,2015-04-01 00:59:03,121.317905,31.249585,0.0,156.0
00224,0,0,0,1,0,2015-04-01 00:59:19,2015-04-01 00:59:13,121.317905,31.249585,0.0,156.0
00224,0,0,0,1,0,2015-04-01 00:59:29,2015-04-01 00:59:23,121.317905,31.249585,0.0,156.0
00225,0,1,1,0,0,2015-04-01 00:59:05,2015-04-01 00:58:59,121.443760,31.159628,0.0,145.0
00225,0,1,1,0,0,2015-04-01 00:59:24,2015-04-01 00:59:19,121.443760,31.159628,0.0,145.0
00225,0,1,1,0,0,2015-04-01 00:59:55,2015-04-01 00:59:49,121.443762,31.159625,0.0,145.0
00225,0,1,1,0,0,2015-04-01 00:59:34,2015-04-01 00:59:29,121.443760,31.159628,0.0,145.0
00225,0,1,1,0,0,2015-04-01 00:59:44,2015-04-01 00:59:39,121.443762,31.159625,0.0,145.0
00225,0,1,1,0,0,2015-04-01 00:59:15,2015-04-01 00:59:09,121.443760,31.159628,0.0,145.0
00228,0,1,1,0,0,2015-04-01 00:59:07,2015-04-01 00:59:02,121.358703,31.145498,0.0,297.0
00228,0,1,1,0,0,2015-04-01 00:59:37,2015-04-01 00:59:32,121.358703,31.145498,0.0,297.0
00228,0,1,1,0,0,2015-04-01 00:59:57,2015-04-01 00:59:52,121.358703,31.145498,0.0,297.0
00228,0,1,1,0,0,2015-04-01 00:59:27,2015-04-01 00:59:22,121.358703,31.145498,0.0,297.0
00228,0,1,1,0,0,2015-04-01 00:59:47,2015-04-01 00:59:42,121.358703,31.145498,0.0,297.0
00228,0,1,1,0,0,2015-04-01 00:59:17,2015-04-01 00:59:12,121.358703,31.145498,0.0,297.0
00230,0,1,1,0,0,2015-04-01 00:59:36,2015-04-01 00:59:31,121.430505,31.220253,0.0,254.0
00230,0,1,1,0,0,2015-04-01 00:59:56,2015-04-01 00:59:51,121.430505,31.220253,0.0,254.0
00230,0,1,1,0,0,2015-04-01 00:59:26,2015-04-01 00:59:21,121.430505,31.220253,0.0,254.0
00230,0,1,1,0,0,2015-04-01 00:59:47,2015-04-01 00:59:41,121.430505,31.220253,0.0,254.0
00230,0,1,1,0,0,2015-04-01 00:59:06,2015-04-01 00:59:01,121.430637,31.220190,0.0,224.0
00230,0,1,1,0,0,2015-04-01 00:59:16,2015-04-01 00:59:11,121.430637,31.220190,0.0,224.0
00231,0,1,1,0,0,2015-04-01 00:59:49,2015-04-01 00:59:43,121.442630,31.350288,0.0,113.0
00231,0,1,1,0,0,2015-04-01 00:59:29,2015-04-01 00:59:23,121.442632,31.350288,0.0,113.0
00231,0,1,1,0,0,2015-04-01 00:59:59,2015-04-01 00:59:53,121.442630,31.350288,0.0,113.0
00231,0,1,1,0,0,2015-04-01 00:59:19,2015-04-01 00:59:13,121.442632,31.350288,0.0,113.0
00231,0,1,1,0,0,2015-04-01 00:59:39,2015-04-01 00:59:33,121.442632,31.350288,0.0,113.0
00231,0,1,1,0,0,2015-04-01 00:59:08,2015-04-01 00:59:03,121.442632,31.350288,0.0,113.0
00233,0,1,1,0,0,2015-04-01 00:59:37,2015-04-01 00:59:31,121.215285,31.207667,0.0,270.0
00233,0,1,1,0,0,2015-04-01 00:59:47,2015-04-01 00:59:41,121.215285,31.207667,0.0,270.0
00233,0,1,1,0,0,2015-04-01 00:59:57,2015-04-01 00:59:51,121.215285,31.207667,0.0,270.0
00233,0,1,1,0,0,2015-04-01 00:59:27,2015-04-01 00:59:21,121.215358,31.207667,15.0,267.0
00233,0,1,1,0,0,2015-04-01 00:59:07,2015-04-01 00:59:01,121.217348,31.207743,23.0,260.0
00233,0,1,1,0,0,2015-04-01 00:59:19,2015-04-01 00:59:11,121.216333,31.207720,40.0,265.0
00233,0,1,1,0,0,2015-04-01 00:59:05,2015-04-01 00:58:59,121.217468,31.207802,25.0,216.0
00234,0,1,1,0,0,2015-04-01 00:59:55,2015-04-01 00:59:50,121.412827,31.209588,0.0,95.0
00234,0,1,1,0,0,2015-04-01 00:59:25,2015-04-01 00:59:20,121.412765,31.209540,0.0,306.0
00234,0,1,1,0,0,2015-04-01 00:59:35,2015-04-01 00:59:30,121.412797,31.209535,0.0,109.0
00234,0,1,1,0,0,2015-04-01 00:59:06,2015-04-01 00:59:00,121.412447,31.209470,0.0,78.0
00234,0,1,1,0,0,2015-04-01 00:59:16,2015-04-01 00:59:10,121.412567,31.209493,0.0,80.0
00234,0,1,1,0,0,2015-04-01 00:59:46,2015-04-01 00:59:40,121.412827,31.209588,0.0,105.0
00236,0,1,1,0,0,2015-04-01 00:59:50,2015-04-01 00:59:45,121.352865,31.213123,0.0,334.0
00236,0,1,1,0,0,2015-04-01 00:59:31,2015-04-01 00:59:25,121.352872,31.213122,0.0,334.0
00236,0,1,1,0,0,2015-04-01 00:59:42,2015-04-01 00:59:35,121.352872,31.213122,0.0,334.0
00236,0,1,1,0,0,2015-04-01 00:59:20,2015-04-01 00:59:15,121.352872,31.213122,0.0,334.0
00236,0,1,1,0,0,2015-04-01 00:59:14,2015-04-01 00:59:05,121.352872,31.213122,0.0,334.0
00246,0,1,1,0,0,2015-04-01 00:59:28,2015-04-01 00:59:22,121.493898,31.224330,0.0,159.0
00246,0,1,1,0,0,2015-04-01 00:59:58,2015-04-01 00:59:52,121.493903,31.224363,0.0,159.0
00246,0,1,1,0,0,2015-04-01 00:59:18,2015-04-01 00:59:12,121.493898,31.224322,0.0,159.0
00246,0,1,1,0,0,2015-04-01 00:59:38,2015-04-01 00:59:32,121.493900,31.224340,0.0,159.0
00246,0,1,1,0,0,2015-04-01 00:59:08,2015-04-01 00:59:02,121.493907,31.224323,0.0,159.0
00246,0,1,1,0,0,2015-04-01 00:59:48,2015-04-01 00:59:42,121.493897,31.224350,0.0,159.0
00249,0,0,0,0,0,2015-04-01 00:59:18,2015-04-01 00:59:13,121.317222,31.229940,0.0,78.0
00249,0,0,0,0,0,2015-04-01 00:59:08,2015-04-01 00:59:03,121.317222,31.229940,0.0,78.0
00249,0,0,0,0,0,2015-04-01 00:59:38,2015-04-01 00:59:33,121.317223,31.229938,0.0,78.0
00249,0,0,0,0,0,2015-04-01 00:59:49,2015-04-01 00:59:43,121.317223,31.229938,0.0,78.0
00249,0,0,0,0,0,2015-04-01 00:59:59,2015-04-01 00:59:53,121.317223,31.229938,0.0,78.0
00249,0,0,0,0,0,2015-04-01 00:59:29,2015-04-01 00:59:23,121.317222,31.229940,0.0,78.0
00250,0,1,1,0,0,2015-04-01 00:59:41,2015-04-01 00:59:36,121.362822,31.272570,0.0,300.0
00250,0,1,1,0,0,2015-04-01 00:59:12,2015-04-01 00:59:06,121.362822,31.272555,0.0,300.0
00250,0,1,1,0,0,2015-04-01 00:59:22,2015-04-01 00:59:16,121.362822,31.272555,0.0,300.0
00250,0,1,1,0,0,2015-04-01 00:59:02,2015-04-01 00:58:56,121.362822,31.272555,0.0,300.0
00250,0,1,1,0,0,2015-04-01 00:59:52,2015-04-01 00:59:46,121.362822,31.272570,0.0,300.0
00250,0,1,1,0,0,2015-04-01 00:59:32,2015-04-01 00:59:26,121.362822,31.272570,0.0,300.0
00253,0,1,1,0,0,2015-04-01 00:59:08,2015-04-01 00:59:02,121.455547,31.122970,0.0,296.0
00253,0,1,1,0,0,2015-04-01 00:59:58,2015-04-01 00:59:52,121.455577,31.122933,0.0,296.0
00253,0,1,1,0,0,2015-04-01 00:59:18,2015-04-01 00:59:12,121.455543,31.122972,0.0,296.0
00253,0,1,1,0,0,2015-04-01 00:59:48,2015-04-01 00:59:42,121.455567,31.122947,0.0,296.0
00253,0,1,1,0,0,2015-04-01 00:59:28,2015-04-01 00:59:22,121.455542,31.122972,0.0,296.0
00253,0,1,1,0,0,2015-04-01 00:59:38,2015-04-01 00:59:32,121.455553,31.122958,0.0,296.0
00255,0,1,1,0,0,2015-04-01 00:59:46,2015-04-01 00:59:40,121.539457,31.263263,0.0,30.0
00255,0,1,1,0,0,2015-04-01 00:59:26,2015-04-01 00:59:20,121.539460,31.263267,0.0,30.0
00255,0,1,1,0,0,2015-04-01 00:59:16,2015-04-01 00:59:10,121.539465,31.263270,0.0,30.0
00255,0,1,1,0,0,2015-04-01 00:59:56,2015-04-01 00:59:50,121.539457,31.263260,0.0,30.0
00255,0,1,1,0,0,2015-04-01 00:59:36,2015-04-01 00:59:30,121.539457,31.263268,0.0,30.0
00255,0,1,1,0,0,2015-04-01 00:59:06,2015-04-01 00:59:00,121.539463,31.263270,0.0,30.0
00264,0,1,1,0,0,2015-04-01 00:59:05,2015-04-01 00:58:59,121.527058,31.268640,0.0,129.0
00264,0,1,1,0,0,2015-04-01 00:59:25,2015-04-01 00:59:19,121.527060,31.268642,0.0,129.0
00264,0,1,1,0,0,2015-04-01 00:59:45,2015-04-01 00:59:39,121.527065,31.268643,0.0,129.0
00264,0,1,1,0,0,2015-04-01 00:59:35,2015-04-01 00:59:29,121.527062,31.268642,0.0,129.0
00264,0,1,1,0,0,2015-04-01 00:59:55,2015-04-01 00:59:49,121.527067,31.268645,0.0,129.0
00264,0,1,1,0,0,2015-04-01 00:59:15,2015-04-01 00:59:09,121.527060,31.268642,0.0,129.0
00265,0,1,1,0,0,2015-04-01 00:59:03,2015-04-01 00:58:57,121.347610,31.143997,0.0,302.0
00265,0,1,1,0,0,2015-04-01 00:59:43,2015-04-01 00:59:37,121.347587,31.143982,0.0,302.0
00265,0,1,1,0,0,2015-04-01 00:59:13,2015-04-01 00:59:07,121.347598,31.143988,0.0,302.0
00265,0,1,1,0,0,2015-04-01 00:59:33,2015-04-01 00:59:27,121.347592,31.143982,0.0,302.0
00265,0,1,1,0,0,2015-04-01 00:59:53,2015-04-01 00:59:47,121.347585,31.143985,0.0,302.0
00265,0,1,1,0,0,2015-04-01 00:59:23,2015-04-01 00:59:17,121.347595,31.143982,0.0,302.0
00266,0,0,0,0,0,2015-04-01 00:59:45,2015-04-01 00:59:39,121.499957,31.129037,0.0,158.0
00266,0,0,0,0,0,2015-04-01 00:59:15,2015-04-01 00:59:09,121.499993,31.129127,0.0,158.0
00266,0,0,0,0,0,2015-04-01 00:59:35,2015-04-01 00:59:29,121.499967,31.129067,0.0,158.0
00266,0,0,0,0,0,2015-04-01 00:59:05,2015-04-01 00:58:59,121.500002,31.129178,0.0,158.0
00266,0,0,0,0,0,2015-04-01 00:59:55,2015-04-01 00:59:49,121.499953,31.129025,0.0,158.0
00266,0,0,0,0,0,2015-04-01 00:59:25,2015-04-01 00:59:19,121.499980,31.129108,0.0,158.0
00267,0,1,1,0,0,2015-04-01 00:59:47,2015-04-01 00:59:41,121.490038,31.249275,0.0,114.0
00267,0,1,1,0,0,2015-04-01 00:59:57,2015-04-01 00:59:51,121.490035,31.249272,0.0,114.0
00267,0,1,1,0,0,2015-04-01 00:59:07,2015-04-01 00:59:01,121.490058,31.249308,0.0,114.0
00267,0,1,1,0,0,2015-04-01 00:59:27,2015-04-01 00:59:21,121.490047,31.249290,0.0,114.0
00267,0,1,1,0,0,2015-04-01 00:59:37,2015-04-01 00:59:31,121.490042,31.249282,0.0,114.0
00267,0,1,1,0,0,2015-04-01 00:59:17,2015-04-01 00:59:11,121.490052,31.249300,0.0,114.0
00268,0,1,1,0,0,2015-04-01 00:59:15,2015-04-01 00:59:09,121.440910,31.154127,0.0,258.0
00268,0,1,1,0,0,2015-04-01 00:59:45,2015-04-01 00:59:39,121.440910,31.154127,0.0,258.0
00268,0,1,1,0,0,2015-04-01 00:59:05,2015-04-01 00:58:59,121.440910,31.154127,0.0,258.0
00268,0,1,1,0,0,2015-04-01 00:59:24,2015-04-01 00:59:19,121.440910,31.154127,0.0,258.0
00268,0,1,1,0,0,2015-04-01 00:59:55,2015-04-01 00:59:49,121.440910,31.154128,0.0,258.0
00268,0,1,1,0,0,2015-04-01 00:59:34,2015-04-01 00:59:29,121.440910,31.154127,0.0,258.0
00270,0,1,1,0,0,2015-04-01 00:59:23,2015-04-01 00:59:18,121.477407,31.305540,0.0,290.0
00270,0,1,1,0,0,2015-04-01 00:59:34,2015-04-01 00:59:28,121.477407,31.305540,0.0,290.0
00270,0,1,1,0,0,2015-04-01 00:59:14,2015-04-01 00:59:08,121.477407,31.305540,0.0,290.0
00270,0,1,1,0,0,2015-04-01 00:59:03,2015-04-01 00:58:58,121.477407,31.305540,0.0,290.0
00270,0,1,1,0,0,2015-04-01 00:59:44,2015-04-01 00:59:38,121.477407,31.305540,0.0,290.0
00270,0,1,1,0,0,2015-04-01 00:59:54,2015-04-01 00:59:48,121.477407,31.305540,0.0,290.0
00272,0,1,1,0,0,2015-04-01 00:59:53,2015-04-01 00:59:48,121.493637,31.226543,0.0,230.0
00272,0,1,1,0,0,2015-04-01 00:59:13,2015-04-01 00:59:08,121.493638,31.226545,0.0,150.0
00272,0,1,1,0,0,2015-04-01 00:59:30,2015-04-01 00:59:18,121.493638,31.226545,0.0,150.0
00272,0,1,1,0,0,2015-04-01 00:59:33,2015-04-01 00:59:28,121.493638,31.226545,0.0,150.0
00272,0,1,1,0,0,2015-04-01 00:59:43,2015-04-01 00:59:38,121.493638,31.226545,0.0,230.0
00272,0,1,1,0,0,2015-04-01 00:59:03,2015-04-01 00:58:58,121.493638,31.226545,0.0,150.0
00275,0,1,1,0,0,2015-04-01 00:59:58,2015-04-01 00:59:53,121.431513,31.220203,0.0,171.0
00275,0,1,1,0,0,2015-04-01 00:59:39,2015-04-01 00:59:33,121.431513,31.220203,0.0,171.0
00275,0,1,1,0,0,2015-04-01 00:59:49,2015-04-01 00:59:43,121.431513,31.220203,0.0,171.0
00275,0,1,1,0,0,2015-04-01 00:59:29,2015-04-01 00:59:23,121.431513,31.220203,0.0,171.0
00275,0,1,1,0,0,2015-04-01 00:59:08,2015-04-01 00:59:03,121.431528,31.220208,0.0,171.0
00275,0,1,1,0,0,2015-04-01 00:59:18,2015-04-01 00:59:12,121.431513,31.220203,0.0,171.0
00279,0,1,1,0,0,2015-04-01 00:59:35,2015-04-01 00:59:29,121.278557,31.222575,0.0,307.0
00279,0,1,1,0,0,2015-04-01 00:59:15,2015-04-01 00:59:09,121.278597,31.222548,0.0,307.0
00279,0,1,1,0,0,2015-04-01 00:59:45,2015-04-01 00:59:39,121.278598,31.222550,0.0,307.0
00279,0,1,1,0,0,2015-04-01 00:59:55,2015-04-01 00:59:49,121.278618,31.222542,0.0,307.0
00279,0,1,1,0,0,2015-04-01 00:59:05,2015-04-01 00:58:59,121.278623,31.222528,0.0,307.0
00279,0,1,1,0,0,2015-04-01 00:59:25,2015-04-01 00:59:19,121.278573,31.222565,0.0,307.0
00280,0,1,1,0,0,2015-04-01 00:59:54,2015-04-01 00:59:48,121.526383,31.256327,0.0,357.0
00280,0,1,1,0,0,2015-04-01 00:59:14,2015-04-01 00:59:08,121.526392,31.256323,0.0,357.0
00280,0,1,1,0,0,2015-04-01 00:59:34,2015-04-01 00:59:28,121.526383,31.256327,0.0,357.0
00280,0,1,1,0,0,2015-04-01 00:59:44,2015-04-01 00:59:38,121.526383,31.256327,0.0,357.0
00280,0,1,1,0,0,2015-04-01 00:59:04,2015-04-01 00:58:58,121.526392,31.256323,0.0,357.0
00280,0,1,1,0,0,2015-04-01 00:59:23,2015-04-01 00:59:18,121.526392,31.256323,0.0,357.0
00282,0,1,1,0,0,2015-04-01 00:59:31,2015-04-01 00:59:25,121.384167,31.159930,0.0,128.0
00282,0,1,1,0,0,2015-04-01 00:59:10,2015-04-01 00:59:05,121.384168,31.159930,0.0,128.0
00282,0,1,1,0,0,2015-04-01 00:59:01,2015-04-01 00:58:55,121.384168,31.159930,0.0,128.0
00282,0,1,1,0,0,2015-04-01 00:59:28,2015-04-01 00:59:15,121.384168,31.159930,0.0,128.0
00282,0,1,1,0,0,2015-04-01 00:59:51,2015-04-01 00:59:45,121.384167,31.159930,0.0,128.0
00282,0,1,1,0,0,2015-04-01 00:59:40,2015-04-01 00:59:35,121.384167,31.159930,0.0,128.0
00285,0,1,1,0,0,2015-04-01 00:59:28,2015-04-01 00:59:23,121.429508,31.122970,0.0,117.0
00285,0,1,1,0,0,2015-04-01 00:59:18,2015-04-01 00:59:13,121.429508,31.122970,0.0,117.0
00285,0,1,1,0,0,2015-04-01 00:59:38,2015-04-01 00:59:33,121.429508,31.122970,0.0,117.0
00285,0,1,1,0,0,2015-04-01 00:59:48,2015-04-01 00:59:43,121.429508,31.122970,0.0,117.0
00285,0,1,1,0,0,2015-04-01 00:59:08,2015-04-01 00:59:03,121.429508,31.122970,0.0,117.0
00285,0,1,1,0,0,2015-04-01 00:59:58,2015-04-01 00:59:53,121.429502,31.122975,0.0,117.0
00291,0,1,1,0,0,2015-04-01 00:59:59,2015-04-01 00:59:54,121.396910,31.309225,0.0,183.0
00291,0,1,1,0,0,2015-04-01 00:59:39,2015-04-01 00:59:34,121.396910,31.309225,0.0,183.0
00291,0,1,1,0,0,2015-04-01 00:59:50,2015-04-01 00:59:44,121.396910,31.309225,0.0,183.0
00291,0,1,1,0,0,2015-04-01 00:59:29,2015-04-01 00:59:24,121.396910,31.309225,0.0,183.0
00291,0,1,1,0,0,2015-04-01 00:59:20,2015-04-01 00:59:14,121.396908,31.309225,0.0,183.0
00291,0,1,1,0,0,2015-04-01 00:59:10,2015-04-01 00:59:04,121.396908,31.309225,0.0,183.0
00292,0,1,1,0,0,2015-04-01 00:59:02,2015-04-01 00:58:57,121.448080,31.242803,0.0,162.0
00292,0,1,1,0,0,2015-04-01 00:59:23,2015-04-01 00:59:17,121.448080,31.242803,0.0,162.0
00292,0,1,1,0,0,2015-04-01 00:59:13,2015-04-01 00:59:07,121.448080,31.242803,0.0,162.0
00292,0,1,1,0,0,2015-04-01 00:59:53,2015-04-01 00:59:47,121.448078,31.242802,0.0,162.0
00292,0,1,1,0,0,2015-04-01 00:59:33,2015-04-01 00:59:27,121.448080,31.242803,0.0,162.0
00292,0,1,1,0,0,2015-04-01 00:59:43,2015-04-01 00:59:37,121.448080,31.242803,0.0,162.0
00294,0,1,1,0,0,2015-04-01 00:59:38,2015-04-01 00:59:32,121.454280,31.115530,0.0,159.0
00294,0,1,1,0,0,2015-04-01 00:59:28,2015-04-01 00:59:22,121.454277,31.115530,0.0,159.0
00294,0,1,1,0,0,2015-04-01 00:59:08,2015-04-01 00:59:02,121.454262,31.115530,0.0,159.0
00294,0,1,1,0,0,2015-04-01 00:59:48,2015-04-01 00:59:42,121.454275,31.115530,0.0,159.0
00294,0,1,1,0,0,2015-04-01 00:59:58,2015-04-01 00:59:52,121.454272,31.115530,0.0,159.0
00294,0,1,1,0,0,2015-04-01 00:59:18,2015-04-01 00:59:12,121.454270,31.115532,0.0,159.0
00296,0,1,1,0,0,2015-04-01 00:59:52,2015-04-01 00:59:46,121.407852,31.188422,0.0,301.0
00296,0,1,1,0,0,2015-04-01 00:59:32,2015-04-01 00:59:26,121.407852,31.188422,0.0,301.0
00296,0,1,1,0,0,2015-04-01 00:59:42,2015-04-01 00:59:36,121.407852,31.188422,0.0,301.0
00296,0,1,1,0,0,2015-04-01 00:59:12,2015-04-01 00:59:06,121.407852,31.188422,0.0,301.0
00296,0,1,1,0,0,2015-04-01 00:59:22,2015-04-01 00:59:16,121.407852,31.188422,0.0,301.0
00296,0,1,1,0,0,2015-04-01 00:59:02,2015-04-01 00:58:56,121.407847,31.188418,0.0,301.0
00297,0,0,0,0,0,2015-04-01 00:59:40,2015-04-01 00:59:34,121.366487,31.294172,2.7,302.0
00297,0,0,0,0,0,2015-04-01 00:59:01,2015-04-01 00:58:54,121.366480,31.294168,0.0,302.0
00297,0,0,0,0,0,2015-04-01 00:59:50,2015-04-01 00:59:44,121.366487,31.294172,0.0,302.0
00297,0,0,0,0,0,2015-04-01 00:59:20,2015-04-01 00:59:14,121.366487,31.294172,0.0,302.0
00297,0,0,0,0,0,2015-04-01 00:59:30,2015-04-01 00:59:24,121.366487,31.294172,0.0,302.0
00297,0,0,0,0,0,2015-04-01 00:59:10,2015-04-01 00:59:04,121.366487,31.294172,0.0,302.0
00298,0,1,1,0,0,2015-04-01 00:59:21,2015-04-01 00:59:15,121.453103,31.114928,0.0,335.0
00298,0,1,1,0,0,2015-04-01 00:59:31,2015-04-01 00:59:25,121.453103,31.114928,0.0,335.0
00298,0,1,1,0,0,2015-04-01 00:59:41,2015-04-01 00:59:35,121.453103,31.114928,0.0,335.0
00298,0,1,1,0,0,2015-04-01 00:59:11,2015-04-01 00:59:05,121.453103,31.114928,0.0,335.0
00298,0,1,1,0,0,2015-04-01 00:59:51,2015-04-01 00:59:45,121.453103,31.114928,0.0,335.0
00299,0,1,1,0,0,2015-04-01 00:59:27,2015-04-01 00:59:21,121.429877,31.244807,0.0,295.0
00299,0,1,1,0,0,2015-04-01 00:59:17,2015-04-01 00:59:11,121.429877,31.244807,0.0,295.0
00299,0,1,1,0,0,2015-04-01 00:59:57,2015-04-01 00:59:51,121.429867,31.244813,0.0,295.0
00299,0,1,1,0,0,2015-04-01 00:59:06,2015-04-01 00:59:01,121.429877,31.244807,0.0,205.0
00299,0,1,1,0,0,2015-04-01 00:59:37,2015-04-01 00:59:31,121.429867,31.244813,0.0,295.0
00299,0,1,1,0,0,2015-04-01 00:59:46,2015-04-01 00:59:41,121.429867,31.244813,0.0,295.0
00300,0,1,1,0,0,2015-04-01 00:59:48,2015-04-01 00:59:43,121.407622,31.188108,0.0,319.0
00300,0,1,1,0,0,2015-04-01 00:59:19,2015-04-01 00:59:13,121.407625,31.188115,0.0,319.0
00300,0,1,1,0,0,2015-04-01 00:59:39,2015-04-01 00:59:33,121.407622,31.188108,0.0,319.0
00300,0,1,1,0,0,2015-04-01 00:59:08,2015-04-01 00:59:03,121.407625,31.188115,0.0,49.0
00300,0,1,1,0,0,2015-04-01 00:59:28,2015-04-01 00:59:23,121.407625,31.188115,0.0,319.0
00300,0,1,1,0,0,2015-04-01 00:59:59,2015-04-01 00:59:53,121.407622,31.188108,0.0,319.0
00302,0,1,1,0,0,2015-04-01 00:59:31,2015-04-01 00:59:25,121.382323,31.294625,0.0,87.0
00302,0,1,1,0,0,2015-04-01 00:59:51,2015-04-01 00:59:45,121.382323,31.294625,0.0,87.0
00302,0,1,1,0,0,2015-04-01 00:59:20,2015-04-01 00:59:15,121.382323,31.294625,0.0,87.0
00302,0,1,1,0,0,2015-04-01 00:59:01,2015-04-01 00:58:55,121.382323,31.294625,0.0,87.0
00302,0,1,1,0,0,2015-04-01 00:59:10,2015-04-01 00:59:05,121.382323,31.294625,0.0,87.0
00302,0,1,1,0,0,2015-04-01 00:59:40,2015-04-01 00:59:35,121.382323,31.294625,0.0,87.0