201501010000 	58361	闵行	2.3	2	4.2	0
201501010000 	58362	宝山	2.4	319	6.4	0
201501010000 	58365	嘉定	1.5	338	2.7	0
201501010000 	58367	徐家汇	2.6	194	1.6	0
201501010000 	58369	南汇	1.7	351	7.3	0
201501010000 	58370	浦东	2.6	318	2.8	0
201501010000 	58460	金山	////	////	////	0
201501010000 	58461	青浦	2.2	314	4.4	0
201501010000 	58462	松江	1.9	325	2.8	0
201501010000 	58463	奉贤	2.5	329	4.6	0
201501010300 	58361	闵行	1.2	7	3.6	0
201501010300 	58362	宝山	1.4	297	4.8	0
201501010300 	58365	嘉定	0.8	308	4.3	0
201501010300 	58367	徐家汇	1.7	311	1.7	0
201501010300 	58369	南汇	1.2	346	6.4	0
201501010300 	58370	浦东	1.4	301	3.9	0
201501010300 	58460	金山	////	////	////	0
201501010300 	58461	青浦	1	310	5.3	0
201501010300 	58462	松江	0.3	302	2.5	0
201501010300 	58463	奉贤	////	////	////	0
201501010600 	58361	闵行	-0.1	0	2.5	0
201501010600 	58362	宝山	0	272	5.1	0
201501010600 	58365	嘉定	-0.5	304	3.1	0
201501010600 	58367	徐家汇	0.6	345	2.4	0
201501010600 	58369	南汇	0.3	341	4.8	0
201501010600 	58370	浦东	0.3	221	1.1	0
201501010600 	58460	金山	////	////	////	0
201501010600 	58461	青浦	-0.7	284	2.5	0
201501010600 	58462	松江	-0.6	329	3.2	0
201501010900 	58361	闵行	1.7	324	3.4	0
201501010900 	58362	宝山	1.6	284	4.5	0
201501010900 	58365	嘉定	1.3	345	3.4	0
201501010900 	58367	徐家汇	0.9	289	0.7	0
201501010900 	58369	南汇	2.3	299	4.9	0
201501010900 	58370	浦东	2.6	246	1.5	0
201501010900 	58460	金山	2	338	3	0
201501010900 	58461	青浦	1.6	287	5.9	0
201501010900 	58462	松江	2.1	314	5.8	0
201501010900 	58463	奉贤	1.8	303	3.9	0
201501011200 	58361	闵行	4.9	303	5.6	0
201501011200 	58362	宝山	3.7	296	7.5	0
201501011200 	58365	嘉定	4.1	16	4.7	0
201501011200 	58367	徐家汇	3.8	267	2.9	0
201501011200 	58369	南汇	4.6	345	9.8	0
201501011200 	58370	浦东	4.7	266	3	0
201501011200 	58460	金山	5	329	5.2	0
201501011200 	58461	青浦	4.7	343	6.6	0
201501011200 	58462	松江	4.7	16	6.4	0
201501011200 	58463	奉贤	5.1	18	4.7	0
201501011500 	58361	闵行	5.2	343	5.5	0
201501011500 	58362	宝山	4.3	310	4.5	0
201501011500 	58365	嘉定	4.5	9	6.1	0
201501011500 	58367	徐家汇	4.5	305	1.2	0
201501011500 	58369	南汇	4.6	337	8.2	0
201501011500 	58370	浦东	4.8	306	4.8	0
201501011500 	58460	金山	5.4	320	5.2	0
201501011500 	58461	青浦	5.1	289	6.8	0
201501011500 	58462	松江	5.5	328	3.1	0
201501011500 	58463	奉贤	5.7	302	3.1	0
201501011800 	58361	闵行	2.9	332	2.2	0
201501011800 	58362	宝山	2.5	283	4.5	0
201501011800 	58365	嘉定	2.5	348	3	0
201501011800 	58367	徐家汇	3.2	356	2.5	0
201501011800 	58369	南汇	1.7	349	2.3	0
201501011800 	58370	浦东	2.8	345	0.8	0
201501011800 	58460	金山	2.5	323	2.4	0
201501011800 	58461	青浦	2.4	338	1.9	0
201501011800 	58462	松江	2.5	338	0.3	0
201501011800 	58463	奉贤	2.7	351	1.1	0
201501012100 	58361	闵行	0.4	211	0.6	0
201501012100 	58362	宝山	-0.8	210	0.3	0
201501012100 	58365	嘉定	0.9	274	1	0
201501012100 	58367	徐家汇	1.7	////	0	0
201501012100 	58369	南汇	-1.8	////	0	0
201501012100 	58370	浦东	0.3	44	0.8	0
201501012100 	58460	金山	0.3	15	0.5	0
201501012100 	58461	青浦	-1.4	////	0.1	0
201501012100 	58462	松江	-0.3	290	1.3	0
201501012100 	58463	奉贤	-2.7	240	0.8	0
201501020000 	58361	闵行	-2.4	197	0.5	0
201501020000 	58362	宝山	-2.8	////	0	0
201501020000 	58365	嘉定	-2	////	0	0
201501020000 	58367	徐家汇	0.5	////	0	0
201501020000 	58369	南汇	-3	////	0	0
201501020000 	58370	浦东	-2.8	////	0	0
201501020000 	58460	金山	-2.3	240	1.1	0
201501020000 	58461	青浦	-4.3	194	0.3	0
201501020000 	58462	松江	-2.9	283	0.7	0
201501020000 	58463	奉贤	-4.4	251	1.4	0
201501020300 	58361	闵行	-3.3	208	0.3	0
201501020300 	58362	宝山	-3.6	227	1.2	0
201501020300 	58365	嘉定	-3.1	300	0.8	0
201501020300 	58367	徐家汇	0	////	0.2	0
201501020300 	58369	南汇	-3.9	43	0.5	0
201501020300 	58370	浦东	-3.6	////	0	0
201501020300 	58460	金山	-4	237	1.8	0
201501020300 	58461	青浦	-4.9	////	0	0
201501020300 	58462	松江	-3.3	265	0.4	0
201501020300 	58463	奉贤	-5.5	294	1.2	0
201501020600 	58361	闵行	-4.4	////	0	0
201501020600 	58362	宝山	-4.3	242	0.9	0
201501020600 	58365	嘉定	-3.8	171	0.3	0
201501020600 	58367	徐家汇	-0.5	////	0.2	0
201501020600 	58369	南汇	-4.9	////	0	0
201501020600 	58370	浦东	-4	////	0	0
201501020600 	58460	金山	-4.8	////	0	0
201501020600 	58461	青浦	-6	////	0	0
201501020600 	58462	松江	-4.2	////	0	0
201501020600 	58463	奉贤	-6.5	246	0.4	0
201501020900 	58361	闵行	2.7	239	1.9	0
201501020900 	58362	宝山	2.4	234	3.3	0
201501020900 	58365	嘉定	2.4	251	2.1	0
201501020900 	58367	徐家汇	1.3	159	0.4	0
201501020900 	58369	南汇	2.4	270	2.7	0
201501020900 	58370	浦东	3.1	259	1.8	0
201501020900 	58460	金山	3.1	278	2.1	0
201501020900 	58461	青浦	1.8	186	0.8	0
201501020900 	58462	松江	3.2	241	1.5	0
201501020900 	58463	奉贤	1.9	288	1.8	0
201501021200 	58361	闵行	7.4	303	4.5	0
201501021200 	58362	宝山	7.2	286	3.6	0
201501021200 	58365	嘉定	7.4	265	2.8	0
201501021200 	58367	徐家汇	6.1	171	1	0
201501021200 	58369	南汇	7.5	262	2.6	0
201501021200 	58370	浦东	7.9	243	1	0
201501021200 	58460	金山	7.4	314	1.5	0
201501021200 	58461	青浦	7.1	336	2.3	0
201501021200 	58462	松江	7.7	337	1.9	0
201501021200 	58463	奉贤	7.2	4	1.1	0
201501021500 	58361	闵行	9.4	349	2.7	0
201501021500 	58362	宝山	8.1	27	2.3	0
201501021500 	58365	嘉定	8.4	28	3.4	0
201501021500 	58367	徐家汇	8.2	268	1.7	0
201501021500 	58369	南汇	8.3	5	5.7	0
201501021500 	58370	浦东	8.4	55	2.1	0
201501021500 	58460	金山	8.9	244	0.9	0
201501021500 	58461	青浦	9.2	334	2.2	0
201501021500 	58462	松江	9.1	327	3.6	0
201501021500 	58463	奉贤	9.3	11	1.2	0
201501021800 	58361	闵行	5.3	10	1.4	0
201501021800 	58362	宝山	6	48	2.2	0
201501021800 	58365	嘉定	4.9	133	0.3	0
201501021800 	58367	徐家汇	6	////	0.1	0
201501021800 	58369	南汇	2.8	16	1	0
201501021800 	58370	浦东	3.7	144	0.5	0
201501021800 	58460	金山	5.4	224	1.1	0
201501021800 	58461	青浦	3.6	75	1.4	0
201501021800 	58462	松江	4.6	5	0.5	0
201501021800 	58463	奉贤	3.6	126	0.5	0
201501022100 	58361	闵行	1.3	81	1.3	0
201501022100 	58362	宝山	4.4	73	2.4	0
201501022100 	58365	嘉定	3.7	92	1.6	0
201501022100 	58367	徐家汇	5.2	75	1	0
201501022100 	58369	南汇	1.9	////	0	0
201501022100 	58370	浦东	1.1	////	0	0
201501022100 	58460	金山	0.3	78	1.4	0
201501022100 	58461	青浦	-0.1	108	0.7	0
201501022100 	58462	松江	0.6	129	0.6	0
201501022100 	58463	奉贤	-0.6	80	1.4	0
201501030000 	58361	闵行	0.1	235	0.8	0
201501030000 	58362	宝山	0.8	186	1	0
201501030000 	58365	嘉定	1.6	////	0.2	0
201501030000 	58367	徐家汇	3.1	////	0	0
201501030000 	58369	南汇	-1.6	6	0.3	0
201501030000 	58370	浦东	-0.9	////	0	0
201501030000 	58460	金山	-0.1	////	0	0
201501030000 	58461	青浦	-1.6	////	0	0
201501030000 	58462	松江	-0.4	////	0	0
201501030000 	58463	奉贤	-2	293	0.5	0
201501030300 	58361	闵行	1.2	73	1	0
201501030300 	58362	宝山	0.7	////	0	0
201501030300 	58365	嘉定	1.3	133	0.4	0
201501030300 	58367	徐家汇	3.3	////	0.2	0
201501030300 	58369	南汇	0.1	////	0	0
201501030300 	58370	浦东	0.5	////	0	0
201501030300 	58460	金山	2.6	23	0.5	0
201501030300 	58461	青浦	0.2	71	0.4	0
201501030300 	58462	松江	1.4	////	0	0
201501030300 	58463	奉贤	0.2	119	1.4	0
201501030600 	58361	闵行	0.8	83	0.6	0
201501030600 	58362	宝山	1.7	130	0.8	0
201501030600 	58365	嘉定	2	12	0.6	0
201501030600 	58367	徐家汇	3.3	194	0.4	0
201501030600 	58369	南汇	-0.6	108	0.5	0
201501030600 	58370	浦东	0.3	////	0	0
201501030600 	58460	金山	5.4	110	1.9	0
201501030600 	58461	青浦	-0.7	75	1	0
201501030600 	58462	松江	1	////	0	0
201501030600 	58463	奉贤	-1.1	62	1.6	0
201501030900 	58361	闵行	5.5	130	3.1	0
201501030900 	58362	宝山	6.2	149	4	0
201501030900 	58365	嘉定	6	147	2.3	0
201501030900 	58367	徐家汇	5.1	314	1.1	0
201501030900 	58369	南汇	5.3	160	2.9	0
201501030900 	58370	浦东	5.1	113	1.5	0
201501030900 	58460	金山	7.1	129	1.5	0
201501030900 	58461	青浦	5	82	1.3	0
201501030900 	58462	松江	5.3	122	3.1	0
201501030900 	58463	奉贤	6.6	153	4.5	0
201501031200 	58361	闵行	9.6	179	4.5	0
201501031200 	58362	宝山	9.7	165	2.3	0
201501031200 	58365	嘉定	9.8	162	3.8	0
201501031200 	58367	徐家汇	9.1	21	0.8	0
201501031200 	58369	南汇	8.8	185	4	0
201501031200 	58370	浦东	9.6	188	3.7	0
201501031200 	58460	金山	8.2	168	3.8	0
201501031200 	58461	青浦	10.3	130	5.5	0
201501031200 	58462	松江	10.5	140	3.9	0
201501031200 	58463	奉贤	8.9	175	3.3	0
201501031500 	58361	闵行	11.6	174	3.5	0
201501031500 	58362	宝山	12.3	152	4	0
201501031500 	58365	嘉定	13	168	5.2	0
201501031500 	58367	徐家汇	10.8	81	1.8	0
201501031500 	58369	南汇	10.7	180	5.4	0
201501031500 	58370	浦东	11.5	167	4.1	0
201501031500 	58460	金山	10.3	167	2.9	0
201501031500 	58461	青浦	12.1	168	4.5	0
201501031500 	58462	松江	11.6	128	4.1	0
201501031500 	58463	奉贤	10.6	150	4.3	0
201501031800 	58361	闵行	7.7	163	0.3	0
201501031800 	58362	宝山	9	168	3.8	0
201501031800 	58365	嘉定	8.6	190	2.4	0
201501031800 	58367	徐家汇	8.1	142	0.4	0
201501031800 	58369	南汇	6.4	141	1	0
201501031800 	58370	浦东	6.4	149	1	0
201501031800 	58460	金山	7.1	109	1.7	0
201501031800 	58461	青浦	7.6	136	1.8	0
201501031800 	58462	松江	7.9	136	0.9	0
201501031800 	58463	奉贤	6.1	126	0.4	0
201501032100 	58361	闵行	6.4	89	1.7	0
201501032100 	58362	宝山	5.7	155	1.3	0
201501032100 	58365	嘉定	7.5	186	1.7	0
201501032100 	58367	徐家汇	6.8	156	0.9	0
201501032100 	58369	南汇	4.3	150	1.4	0
201501032100 	58370	浦东	3.5	////	0	0
201501032100 	58460	金山	8.4	144	2.9	0
201501032100 	58461	青浦	3.4	88	1.5	0
201501032100 	58462	松江	4.9	119	1	0
201501032100 	58463	奉贤	7.5	174	2.3	0
201501040000 	58361	闵行	4.1	////	0.2	0
201501040000 	58362	宝山	3.8	177	1	0
201501040000 	58365	嘉定	6.5	185	2	0
201501040000 	58367	徐家汇	6.3	////	0	0
201501040000 	58369	南汇	4	186	1.3	0
201501040000 	58370	浦东	7	208	2.1	0
201501040000 	58460	金山	8	159	3	0
201501040000 	58461	青浦	2.3	71	0.8	0
201501040000 	58462	松江	5.6	121	1.3	0
201501040000 	58463	奉贤	7.9	175	1	0
201501040300 	58361	闵行	2.3	////	0	0
201501040300 	58362	宝山	1.9	////	0	0
201501040300 	58365	嘉定	4.2	253	0.7	0
201501040300 	58367	徐家汇	5.4	156	0.5	0
201501040300 	58369	南汇	5.6	202	2.5	0
201501040300 	58370	浦东	3.4	////	0.1	0
201501040300 	58460	金山	3.5	98	0.6	0
201501040300 	58461	青浦	0.9	////	0	0
201501040300 	58462	松江	2.6	////	0	0
201501040300 	58463	奉贤	2.8	177	0.9	0
201501040600 	58361	闵行	1.5	231	0.4	0
201501040600 	58362	宝山	0.9	12	0.4	0
201501040600 	58365	嘉定	2.2	////	0	0
201501040600 	58367	徐家汇	4.5	////	0.1	0
201501040600 	58369	南汇	4.1	212	1.4	0
201501040600 	58370	浦东	1.8	////	0	0
201501040600 	58460	金山	1.9	244	0.9	0
201501040600 	58461	青浦	-0.6	////	0	0
201501040600 	58462	松江	1.4	158	0.5	0
201501040600 	58463	奉贤	0.6	237	0.7	0
201501040900 	58361	闵行	7.3	225	0.8	0
201501040900 	58362	宝山	7.9	238	0.6	0
201501040900 	58365	嘉定	8.2	216	2.2	0
201501040900 	58367	徐家汇	6.3	////	0	0
201501040900 	58369	南汇	9.3	227	2.4	0
201501040900 	58370	浦东	8.7	207	0.6	0
201501040900 	58460	金山	9.6	192	0.9	0
201501040900 	58461	青浦	6	169	0.6	0
201501040900 	58462	松江	8.1	184	1.1	0
201501040900 	58463	奉贤	7.6	248	1.5	0
201501041200 	58361	闵行	16.4	1	1.8	0
201501041200 	58362	宝山	15.9	56	3	0
201501041200 	58365	嘉定	15.7	15	1.4	0
201501041200 	58367	徐家汇	14.2	173	0.6	0
201501041200 	58369	南汇	16.4	7	2.2	0
201501041200 	58370	浦东	16.5	319	0.9	0
201501041200 	58460	金山	16.3	208	1.8	0
201501041200 	58461	青浦	15.7	99	1.2	0
201501041200 	58462	松江	16	274	0.9	0
201501041200 	58463	奉贤	16.6	313	1.9	0
201501041500 	58361	闵行	18.7	218	1.1	0
201501041500 	58362	宝山	16.1	64	4	0
201501041500 	58365	嘉定	18.3	72	0.3	0
201501041500 	58367	徐家汇	14.9	150	0.7	0
201501041500 	58369	南汇	16.7	76	2.2	0
201501041500 	58370	浦东	17.5	99	2.7	0
201501041500 	58460	金山	16.3	100	2.1	0
201501041500 	58461	青浦	18.3	60	2.6	0
201501041500 	58462	松江	18.2	76	1.4	0
201501041500 	58463	奉贤	17.5	159	1.8	0
201501041800 	58361	闵行	12.5	84	1.9	0
201501041800 	58362	宝山	11.9	76	2.9	0
201501041800 	58365	嘉定	11.9	75	1.7	0
201501041800 	58367	徐家汇	11.2	////	0.2	0
201501041800 	58369	南汇	9.6	113	2	0
201501041800 	58370	浦东	10.7	70	2.5	0
201501041800 	58460	金山	11.2	104	2.9	0
201501041800 	58461	青浦	11.2	84	1.5	0
201501041800 	58462	松江	13.4	94	1.5	0
201501041800 	58463	奉贤	9.1	83	1.1	0
201501042100 	58361	闵行	9	75	2.1	0
201501042100 	58362	宝山	9.4	102	2.7	0
201501042100 	58365	嘉定	9.2	98	2	0
201501042100 	58367	徐家汇	9.1	////	0	0
201501042100 	58369	南汇	7.2	120	1	0
201501042100 	58370	浦东	7	308	0.3	0
201501042100 	58460	金山	8.4	98	3.4	0
201501042100 	58461	青浦	7.3	75	1.8	0
201501042100 	58462	松江	9.4	100	2.2	0
201501042100 	58463	奉贤	5.8	102	2	0
201501050000 	58361	闵行	7.5	79	2.1	0
201501050000 	58362	宝山	8.9	118	2.6	0
201501050000 	58365	嘉定	7.2	89	0.9	0
201501050000 	58367	徐家汇	8.5	38	0.3	0
201501050000 	58369	南汇	7.7	134	2.3	0
201501050000 	58370	浦东	8	27	0.8	0
201501050000 	58460	金山	8.4	91	3.2	0
201501050000 	58461	青浦	5.4	80	1.7	0
201501050000 	58462	松江	7.9	89	1.7	0
201501050000 	58463	奉贤	4.9	68	1.7	0
201501050300 	58361	闵行	9.5	83	1.9	0
201501050300 	58362	宝山	9.4	128	2.6	0
201501050300 	58365	嘉定	8.4	127	1.4	0
201501050300 	58367	徐家汇	8.6	150	0.3	0
201501050300 	58369	南汇	9.1	130	2	0
201501050300 	58370	浦东	8.3	110	2.4	0
201501050300 	58460	金山	10.8	117	3.2	0
201501050300 	58461	青浦	7	83	2.7	0
201501050300 	58462	松江	9.3	122	3.2	0
201501050300 	58463	奉贤	8.8	131	1.9	0
201501050600 	58361	闵行	11.1	122	3.2	0
201501050600 	58362	宝山	11.7	145	4.5	0
201501050600 	58365	嘉定	11.9	166	2.4	0
201501050600 	58367	徐家汇	11.8	65	0.7	0
201501050600 	58369	南汇	10.9	145	3.2	0
201501050600 	58370	浦东	9.6	209	0.7	0
201501050600 	58460	金山	10.6	105	3.4	0
201501050600 	58461	青浦	10	100	1.9	0
201501050600 	58462	松江	10.5	123	3.3	0
201501050600 	58463	奉贤	10.9	155	3.1	0
201501050900 	58361	闵行	13.7	161	3	0
201501050900 	58362	宝山	14	179	3.9	0
201501050900 	58365	嘉定	13.6	193	3.7	0
201501050900 	58367	徐家汇	12.2	93	1.4	0
201501050900 	58369	南汇	12.4	161	2.6	0
201501050900 	58370	浦东	12.7	177	2.8	0
201501050900 	58460	金山	12.4	188	1.7	0
201501050900 	58461	青浦	12.8	153	3.1	0
201501050900 	58462	松江	12.8	124	1.5	0
201501050900 	58463	奉贤	12.4	175	5.9	0
201501051200 	58361	闵行	19.8	207	5.6	0
201501051200 	58362	宝山	19.1	194	7.9	0
201501051200 	58365	嘉定	19	201	4.1	0
201501051200 	58367	徐家汇	18.1	153	1.9	0
201501051200 	58369	南汇	18.7	203	8.3	0
201501051200 	58370	浦东	19.6	178	4.5	0
201501051200 	58460	金山	17.8	176	2	0
201501051200 	58461	青浦	18.6	193	3.7	0
201501051200 	58462	松江	19.3	213	3.6	0
201501051200 	58463	奉贤	17.5	205	3.3	0
201501051500 	58361	闵行	18.5	238	1.9	0
201501051500 	58362	宝山	18.4	229	2.9	0
201501051500 	58365	嘉定	17.5	209	2.7	0
201501051500 	58367	徐家汇	16.5	////	0.2	0
201501051500 	58369	南汇	17.6	183	2	0
201501051500 	58370	浦东	18.2	227	0.7	0
201501051500 	58460	金山	18.5	233	1.8	0
201501051500 	58461	青浦	17	229	1.6	0
201501051500 	58462	松江	17.6	252	2	0
201501051500 	58463	奉贤	18.6	251	1.4	0
201501051800 	58361	闵行	16.3	292	2.7	0
201501051800 	58362	宝山	15.9	268	1.7	0
201501051800 	58365	嘉定	15.4	////	0.2	0
201501051800 	58367	徐家汇	14.6	282	0.5	0
201501051800 	58369	南汇	15.5	275	0.7	0
201501051800 	58370	浦东	16.6	239	1.2	0
201501051800 	58460	金山	16.1	259	3.4	0
201501051800 	58461	青浦	15	292	2.6	0
201501051800 	58462	松江	15.5	266	2.2	0
201501051800 	58463	奉贤	16.2	283	1.6	0
201501052100 	58361	闵行	15.5	290	1.4	0
201501052100 	58362	宝山	15.6	262	4	0
201501052100 	58365	嘉定	15.4	294	4.3	0
201501052100 	58367	徐家汇	13.9	297	0.3	0
201501052100 	58369	南汇	14.3	////	0	0
201501052100 	58370	浦东	16.7	282	4.2	0
201501052100 	58460	金山	15	274	2.8	0
201501052100 	58461	青浦	13.6	239	1.5	0
201501052100 	58462	松江	14.2	301	1.3	0
201501052100 	58463	奉贤	14.4	277	2.6	0
201501060000 	58361	闵行	13.4	305	3.6	0
201501060000 	58362	宝山	12.6	303	7.8	0
201501060000 	58365	嘉定	12.5	314	10	0
201501060000 	58367	徐家汇	13.5	288	1.4	0
201501060000 	58369	南汇	14.2	294	3.7	0
201501060000 	58370	浦东	13.8	247	2.6	0
201501060000 	58460	金山	13.4	278	7.7	0
201501060000 	58461	青浦	12.8	285	6.4	0
201501060000 	58462	松江	12.8	292	3.2	0
201501060000 	58463	奉贤	13.2	269	3.7	0
201501060300 	58361	闵行	10.3	302	4.4	0
201501060300 	58362	宝山	9.6	322	8.1	0
201501060300 	58365	嘉定	9.6	318	7.2	0
201501060300 	58367	徐家汇	10.3	265	1	0
201501060300 	58369	南汇	10.9	318	4.2	0
201501060300 	58370	浦东	10.3	334	7.6	0
201501060300 	58460	金山	11.1	295	5.6	0
201501060300 	58461	青浦	10.1	308	4.6	0
201501060300 	58462	松江	10.3	305	2.1	0
201501060300 	58463	奉贤	11.1	321	3.9	0
201501060600 	58361	闵行	9.4	43	2.1	0
201501060600 	58362	宝山	9	328	7.4	0
201501060600 	58365	嘉定	9	17	7.5	0
201501060600 	58367	徐家汇	9.3	284	3.5	0
201501060600 	58369	南汇	8.9	353	7	0
201501060600 	58370	浦东	9.1	288	2.3	0
201501060600 	58460	金山	9.3	339	3.8	0
201501060600 	58461	青浦	9.3	16	3	0
201501060600 	58462	松江	9.3	328	4.2	0
201501060600 	58463	奉贤	9.4	27	6	0
201501060900 	58361	闵行	8.2	350	3.9	0
201501060900 	58362	宝山	6.9	13	7.7	0
201501060900 	58365	嘉定	7.4	41	6.1	0
201501060900 	58367	徐家汇	8.3	359	5.3	0
201501060900 	58369	南汇	7.8	358	9.9	0
201501060900 	58370	浦东	7.7	9	3.7	0
201501060900 	58460	金山	8.7	329	5	0
201501060900 	58461	青浦	7.8	23	7.5	0
201501060900 	58462	松江	8	9	5.2	0
201501060900 	58463	奉贤	8.7	4	5.1	0
201501061200 	58361	闵行	7.1	53	7.7	0
201501061200 	58362	宝山	6.4	21	7.3	0
201501061200 	58365	嘉定	6.5	51	7.1	0
201501061200 	58367	徐家汇	7.2	295	3.4	0
201501061200 	58369	南汇	7.4	27	10	0
201501061200 	58370	浦东	7.2	358	5	0
201501061200 	58460	金山	6.4	1	4.3	0
201501061200 	58461	青浦	6.8	18	7.7	0
201501061200 	58462	松江	6.7	10	3.8	0
201501061200 	58463	奉贤	7	358	4.8	0
201501061500 	58361	闵行	5.9	26	4.8	0
201501061500 	58362	宝山	5.1	8	6.1	0
201501061500 	58365	嘉定	5.4	16	5	0
201501061500 	58367	徐家汇	5.9	57	1.5	0
201501061500 	58369	南汇	5.4	359	8.2	0
201501061500 	58370	浦东	5.4	60	3.9	0
201501061500 	58460	金山	6.4	39	4.4	0
201501061500 	58461	青浦	5.6	18	5	0
201501061500 	58462	松江	5.7	26	5	0
201501061500 	58463	奉贤	6.2	68	2.8	0
201501061800 	58361	闵行	3.8	11	3.8	0.1
201501061800 	58362	宝山	3.6	24	7.9	0.5
201501061800 	58365	嘉定	3.4	0	2.9	0.4
201501061800 	58367	徐家汇	3.7	200	1.3	0.6
201501061800 	58369	南汇	4.1	14	7.2	0
201501061800 	58370	浦东	3.4	59	0.8	0.7
201501061800 	58460	金山	4.8	359	6.6	0
201501061800 	58461	青浦	2.9	355	2.9	0.5
201501061800 	58462	松江	3.5	349	3.6	0.1
201501061800 	58463	奉贤	4.7	22	2.7	0
201501062100 	58361	闵行	3.6	0	2.2	0
201501062100 	58362	宝山	3.5	2	4.5	0
201501062100 	58365	嘉定	3.1	353	4	0
201501062100 	58367	徐家汇	3.8	258	0.7	0.1
201501062100 	58369	南汇	3.7	2	5.1	0
201501062100 	58370	浦东	3.9	310	3.6	0.1
201501062100 	58460	金山	2.8	300	2	0.5
201501062100 	58461	青浦	3.3	4	4.2	0
201501062100 	58462	松江	3.4	297	3	0.1
201501062100 	58463	奉贤	3.8	332	1.8	0
201501070000 	58361	闵行	3.6	350	3.7	0
201501070000 	58362	宝山	3.6	14	3.7	0
201501070000 	58365	嘉定	3.5	355	2.2	0
201501070000 	58367	徐家汇	3.8	166	1.3	0
201501070000 	58369	南汇	3.6	357	6.2	0
201501070000 	58370	浦东	3.8	25	1.7	0
201501070000 	58460	金山	3.1	337	3	0
201501070000 	58461	青浦	3.3	344	5.3	0
201501070000 	58462	松江	3.3	289	2.4	0
201501070000 	58463	奉贤	3.7	320	4	0
201501070300 	58361	闵行	3.5	5	2.9	0
201501070300 	58362	宝山	3.5	7	5.1	0
201501070300 	58365	嘉定	3	356	3.7	0
201501070300 	58367	徐家汇	3.6	53	2	0
201501070300 	58369	南汇	3.5	330	3.2	0
201501070300 	58370	浦东	3.6	305	4.5	0
201501070300 	58460	金山	3.1	305	3.6	0
201501070300 	58461	青浦	3.1	3	3.2	0
201501070300 	58462	松江	3.2	340	2.7	0
201501070300 	58463	奉贤	3.7	341	2.5	0
201501070600 	58361	闵行	3.2	308	2.9	0
201501070600 	58362	宝山	3.1	293	6.6	0
201501070600 	58365	嘉定	2.9	49	0.6	0
201501070600 	58367	徐家汇	3.3	289	1.3	0
201501070600 	58369	南汇	3.5	349	4.1	0
201501070600 	58370	浦东	3.7	306	1.7	0
201501070600 	58460	金山	3	324	4	0
201501070600 	58461	青浦	3	310	1.5	0
201501070600 	58462	松江	2.9	328	3.6	0
201501070600 	58463	奉贤	3.2	301	4.2	0
201501070900 	58361	闵行	4	306	2.6	0
201501070900 	58362	宝山	3.7	274	4	0
201501070900 	58365	嘉定	3.9	314	2.8	0
201501070900 	58367	徐家汇	3.9	328	1.8	0
201501070900 	58369	南汇	4.4	351	4.6	0
201501070900 	58370	浦东	4.1	260	2.6	0
201501070900 	58460	金山	3.9	298	3.4	0
201501070900 	58461	青浦	3.7	347	3.4	0
201501070900 	58462	松江	3.7	330	3.4	0
201501070900 	58463	奉贤	4.1	315	4.7	0
201501071200 	58361	闵行	6.4	319	5.5	0
201501071200 	58362	宝山	6.2	314	4.5	0
201501071200 	58365	嘉定	5.9	297	7.1	0
201501071200 	58367	徐家汇	5.7	107	3.3	0
201501071200 	58369	南汇	6.3	352	4.2	0
201501071200 	58370	浦东	6.6	318	3.7	0
201501071200 	58460	金山	6	290	4.9	0
201501071200 	58461	青浦	5.9	266	5.4	0
201501071200 	58462	松江	6.6	302	5.5	0
201501071200 	58463	奉贤	6.4	291	3.6	0
201501071500 	58361	闵行	7.4	336	4.5	0
201501071500 	58362	宝山	6.5	303	7.4	0
201501071500 	58365	嘉定	6.6	22	6.2	0
201501071500 	58367	徐家汇	6.2	338	4.5	0
201501071500 	58369	南汇	7.1	327	7	0
201501071500 	58370	浦东	7.1	309	2.8	0
201501071500 	58460	金山	7	305	6.4	0
201501071500 	58461	青浦	7	18	1.9	0
201501071500 	58462	松江	7.1	297	4.7	0
201501071500 	58463	奉贤	7.1	332	7.4	0
201501071800 	58361	闵行	5.4	337	2.2	0
201501071800 	58362	宝山	5.2	287	3.9	0
201501071800 	58365	嘉定	5.3	301	2.7	0
201501071800 	58367	徐家汇	5.3	120	0.6	0
201501071800 	58369	南汇	4.7	351	2.6	0
201501071800 	58370	浦东	5.4	309	2.3	0
201501071800 	58460	金山	5	314	2.4	0
201501071800 	58461	青浦	5.1	332	2.4	0
201501071800 	58462	松江	4.9	334	3.9	0
201501071800 	58463	奉贤	5.2	325	3.1	0
201501072100 	58361	闵行	4	23	1.9	0
201501072100 	58362	宝山	3.7	336	1.8	0
201501072100 	58365	嘉定	3.6	30	2.7	0
201501072100 	58367	徐家汇	4.3	322	1.4	0
201501072100 	58369	南汇	2.4	352	2.2	0
201501072100 	58370	浦东	3.6	2	0.6	0
201501072100 	58460	金山	2.6	271	1.7	0
201501072100 	58461	青浦	3.5	344	2.1	0
201501072100 	58462	松江	3.8	318	2.9	0
201501072100 	58463	奉贤	3.8	314	2.4	0
201501080000 	58361	闵行	2.9	348	2.1	0
201501080000 	58362	宝山	3.4	336	2.1	0
201501080000 	58365	嘉定	2.4	350	2.3	0
201501080000 	58367	徐家汇	3.6	236	1	0
201501080000 	58369	南汇	1.8	334	2	0
201501080000 	58370	浦东	3	333	3	0
201501080000 	58460	金山	1.4	325	1.6	0
201501080000 	58461	青浦	2.3	350	1.3	0
201501080000 	58462	松江	2.4	5	1.6	0
201501080000 	58463	奉贤	0	////	0	0
201501080300 	58361	闵行	0.8	280	2.1	0
201501080300 	58362	宝山	2.1	272	2.8	0
201501080300 	58365	嘉定	1.6	279	1.4	0
201501080300 	58367	徐家汇	2.6	////	0	0
201501080300 	58369	南汇	1	302	1.5	0
201501080300 	58370	浦东	1.7	321	0.5	0
201501080300 	58460	金山	0	252	1.6	0
201501080300 	58461	青浦	-1.1	250	1.2	0
201501080300 	58462	松江	0.1	297	1.2	0
201501080300 	58463	奉贤	-1	291	1	0
201501080600 	58361	闵行	0	272	1.6	0
201501080600 	58362	宝山	0.8	286	2.9	0
201501080600 	58365	嘉定	0.6	289	1.4	0
201501080600 	58367	徐家汇	1.9	309	0.3	0
201501080600 	58369	南汇	0.8	285	2.7	0
201501080600 	58370	浦东	1.6	233	0.4	0
201501080600 	58460	金山	1.3	304	2	0
201501080600 	58461	青浦	-1.6	251	0.8	0
201501080600 	58462	松江	-0.2	282	1.7	0
201501080600 	58463	奉贤	-2.2	280	1.2	0
201501080900 	58361	闵行	3.7	320	3.7	0
201501080900 	58362	宝山	3.3	316	4.1	0
201501080900 	58365	嘉定	3.2	334	3	0
201501080900 	58367	徐家汇	3.1	230	1.6	0
201501080900 	58369	南汇	3.7	335	4	0
201501080900 	58370	浦东	4.5	11	1.5	0
201501080900 	58460	金山	2.7	308	4.3	0
201501080900 	58461	青浦	3.5	295	3	0
201501080900 	58462	松江	3.8	308	2.7	0
201501080900 	58463	奉贤	3.1	332	3.9	0
201501081200 	58361	闵行	7.5	324	5	0
201501081200 	58362	宝山	6.5	311	4.2	0
201501081200 	58365	嘉定	7.1	1	1.8	0
201501081200 	58367	徐家汇	6.3	31	1	0
201501081200 	58369	南汇	7.1	353	6.2	0
201501081200 	58370	浦东	7.7	0	3.6	0
201501081200 	58460	金山	7.3	26	3.5	0
201501081200 	58461	青浦	7.3	13	4.6	0
201501081200 	58462	松江	7.2	347	2.7	0
201501081200 	58463	奉贤	7.1	334	4.9	0
201501081500 	58361	闵行	8.9	354	2.8	0
201501081500 	58362	宝山	7.8	277	4.4	0
201501081500 	58365	嘉定	8.3	18	1.8	0
201501081500 	58367	徐家汇	7.8	287	0.8	0
201501081500 	58369	南汇	8.1	353	5.7	0
201501081500 	58370	浦东	8.6	316	2	0
201501081500 	58460	金山	8.8	332	4.2	0
201501081500 	58461	青浦	8.6	294	2.4	0
201501081500 	58462	松江	8.6	318	2.5	0
201501081500 	58463	奉贤	8.6	292	3.1	0
201501081800 	58361	闵行	5.7	44	1.2	0
201501081800 	58362	宝山	5.9	281	3.4	0
201501081800 	58365	嘉定	5.4	323	1.1	0
201501081800 	58367	徐家汇	6.8	////	0.1	0
201501081800 	58369	南汇	4.2	350	0.8	0
201501081800 	58370	浦东	5.4	205	0.8	0
201501081800 	58460	金山	5.6	262	1.4	0
201501081800 	58461	青浦	4.8	287	1.1	0
201501081800 	58462	松江	4.6	353	0.4	0
201501081800 	58463	奉贤	5.6	312	1.8	0
201501082100 	58361	闵行	1.6	193	0.5	0
201501082100 	58362	宝山	3	63	2.2	0
201501082100 	58365	嘉定	3.2	90	0.6	0
201501082100 	58367	徐家汇	4.4	////	0.2	0
201501082100 	58369	南汇	0.4	331	1.1	0
201501082100 	58370	浦东	1.7	////	0.2	0
201501082100 	58460	金山	4.1	257	2.5	0
201501082100 	58461	青浦	0.4	////	0	0
201501082100 	58462	松江	2.3	266	1.3	0
201501082100 	58463	奉贤	0	275	1.1	0
201501090000 	58361	闵行	0.3	////	0	0
201501090000 	58362	宝山	-0.1	////	0	0
201501090000 	58365	嘉定	0.7	78	0.6	0
201501090000 	58367	徐家汇	3.5	////	0	0
201501090000 	58369	南汇	-0.6	326	0.8	0
201501090000 	58370	浦东	-0.3	////	0	0
201501090000 	58460	金山	0	46	2.8	0
201501090000 	58461	青浦	-0.2	////	0	0
201501090000 	58462	松江	0	////	0	0
201501090000 	58463	奉贤	-1.1	68	1.5	0
201501090300 	58361	闵行	0.9	245	0.4	0
201501090300 	58362	宝山	-0.6	////	0	0
201501090300 	58365	嘉定	0.3	205	0.5	0
201501090300 	58367	徐家汇	3.5	////	0	0
201501090300 	58369	南汇	-0.2	////	0	0
201501090300 	58370	浦东	0.4	////	0	0
201501090300 	58460	金山	-1.2	258	0.5	0
201501090300 	58461	青浦	-0.4	194	0.7	0
201501090300 	58462	松江	0.8	261	0.3	0
201501090300 	58463	奉贤	-1.8	////	0	0
201501090600 	58361	闵行	-0.8	201	0.5	0
201501090600 	58362	宝山	-0.4	273	0.5	0
201501090600 	58365	嘉定	0.2	273	0.9	0
201501090600 	58367	徐家汇	2.9	247	0.7	0
201501090600 	58369	南汇	-1.3	////	0	0
201501090600 	58370	浦东	-0.8	////	0.1	0
201501090600 	58460	金山	-0.9	213	0.9	0
201501090600 	58461	青浦	-2.1	////	0	0
201501090600 	58462	松江	-0.9	264	0.6	0
201501090600 	58463	奉贤	-2	260	1.2	0
201501090900 	58361	闵行	4.6	237	2	0
201501090900 	58362	宝山	4.3	217	1.3	0
201501090900 	58365	嘉定	4.9	260	2.7	0
201501090900 	58367	徐家汇	4.3	227	0.3	0
201501090900 	58369	南汇	4.9	239	2.6	0
201501090900 	58370	浦东	5.8	215	1.3	0
201501090900 	58460	金山	4.5	254	2.8	0
201501090900 	58461	青浦	3	229	1.7	0
201501090900 	58462	松江	4.9	287	1.8	0
201501090900 	58463	奉贤	3.2	284	3	0
201501091200 	58361	闵行	9.9	281	3	0
201501091200 	58362	宝山	9.8	281	3.3	0
201501091200 	58365	嘉定	9.8	315	3.1	0
201501091200 	58367	徐家汇	9	244	0.3	0
201501091200 	58369	南汇	9.7	301	3.2	0
201501091200 	58370	浦东	10.4	332	2.4	0
201501091200 	58460	金山	9.6	277	3.3	0
201501091200 	58461	青浦	9.4	270	3.2	0
201501091200 	58462	松江	10.4	306	2.3	0
201501091200 	58463	奉贤	9.6	293	4	0
201501091500 	58361	闵行	11.2	324	3	0
201501091500 	58362	宝山	11.4	275	2.6	0
201501091500 	58365	嘉定	11.4	299	2.5	0
201501091500 	58367	徐家汇	10.5	348	0.6	0
201501091500 	58369	南汇	11.5	258	2.2	0
201501091500 	58370	浦东	11.5	217	2.3	0
201501091500 	58460	金山	11.3	248	1.3	0
201501091500 	58461	青浦	11	282	3	0
201501091500 	58462	松江	11.5	269	2	0
201501091500 	58463	奉贤	11.2	300	3.6	0
201501091800 	58361	闵行	7	295	0.9	0
201501091800 	58362	宝山	7.3	299	0.9	0
201501091800 	58365	嘉定	7.7	////	0.1	0
201501091800 	58367	徐家汇	7.7	////	0.2	0
201501091800 	58369	南汇	6.4	////	0	0
201501091800 	58370	浦东	6.3	////	0	0
201501091800 	58460	金山	5.8	270	1.1	0
201501091800 	58461	青浦	6.9	258	1.2	0
201501091800 	58462	松江	6.2	263	0.7	0
201501091800 	58463	奉贤	5.9	337	1.5	0
201501092100 	58361	闵行	3.4	////	0.1	0
201501092100 	58362	宝山	3.8	284	0.4	0
201501092100 	58365	嘉定	3.6	////	0	0
201501092100 	58367	徐家汇	6.2	////	0.1	0
201501092100 	58369	南汇	3.3	235	0.3	0
201501092100 	58370	浦东	3	////	0	0
201501092100 	58460	金山	2.5	233	0.9	0
201501092100 	58461	青浦	1.7	////	0	0
201501092100 	58462	松江	3	296	0.4	0
201501092100 	58463	奉贤	2.1	293	1.2	0
201501100000 	58361	闵行	2.8	////	0.1	0
201501100000 	58362	宝山	1.8	262	1	0
201501100000 	58365	嘉定	2.2	////	0	0
201501100000 	58367	徐家汇	5.5	250	0.3	0
201501100000 	58369	南汇	1.6	////	0	0
201501100000 	58370	浦东	1.7	////	0	0
201501100000 	58460	金山	0.9	270	0.4	0
201501100000 	58461	青浦	0.6	////	0	0
201501100000 	58462	松江	2.2	////	0	0
201501100000 	58463	奉贤	0.5	////	0	0
201501100300 	58361	闵行	1.3	275	0.5	0
201501100300 	58362	宝山	1.1	276	1.2	0
201501100300 	58365	嘉定	1.5	274	0.6	0
201501100300 	58367	徐家汇	4.5	288	0.4	0
201501100300 	58369	南汇	1.2	175	1.2	0
201501100300 	58370	浦东	0.7	261	0.4	0
201501100300 	58460	金山	3.6	217	2.1	0
201501100300 	58461	青浦	0.1	272	0.8	0
201501100300 	58462	松江	1.3	279	1.2	0
201501100300 	58463	奉贤	1	269	0.7	0
201501100600 	58361	闵行	1.6	227	0.8	0
201501100600 	58362	宝山	0.9	284	0.9	0
201501100600 	58365	嘉定	2.5	298	1.1	0
201501100600 	58367	徐家汇	4.8	////	0	0
201501100600 	58369	南汇	2.3	245	1	0
201501100600 	58370	浦东	1.4	241	0.6	0
201501100600 	58460	金山	4	234	1.3	0
201501100600 	58461	青浦	0.2	////	0.1	0
201501100600 	58462	松江	2.4	268	1.3	0
201501100600 	58463	奉贤	1	271	0.9	0
201501100900 	58361	闵行	6.5	235	1.3	0
201501100900 	58362	宝山	6.1	229	1.8	0
201501100900 	58365	嘉定	6.8	254	2.6	0
201501100900 	58367	徐家汇	6.3	309	0.4	0
201501100900 	58369	南汇	6.4	288	0.9	0
201501100900 	58370	浦东	7.7	258	2	0
201501100900 	58460	金山	7.7	243	2.6	0
201501100900 	58461	青浦	4.4	251	0.4	0
201501100900 	58462	松江	6.4	290	0.3	0
201501100900 	58463	奉贤	5.2	257	1.6	0
201501101200 	58361	闵行	12.5	242	3.2	0
201501101200 	58362	宝山	12	269	2.9	0
201501101200 	58365	嘉定	12.4	283	2.5	0
201501101200 	58367	徐家汇	11.3	212	0.7	0
201501101200 	58369	南汇	12.5	287	3	0
201501101200 	58370	浦东	13	229	2.6	0
201501101200 	58460	金山	12.5	235	2.6	0
201501101200 	58461	青浦	12	291	2.3	0
201501101200 	58462	松江	13.2	324	2.9	0
201501101200 	58463	奉贤	12	255	5.1	0
201501101500 	58361	闵行	14.4	294	2.9	0
201501101500 	58362	宝山	14	322	3.3	0
201501101500 	58365	嘉定	14.1	300	3.4	0
201501101500 	58367	徐家汇	13.2	218	0.5	0
201501101500 	58369	南汇	14.5	315	2.8	0
201501101500 	58370	浦东	14.2	276	0.7	0
201501101500 	58460	金山	11.8	201	3.8	0
201501101500 	58461	青浦	13.9	271	2.8	0
201501101500 	58462	松江	14.5	282	3.3	0
201501101500 	58463	奉贤	14.2	256	2.7	0
201501101800 	58361	闵行	7.9	214	0.7	0
201501101800 	58362	宝山	8.4	243	0.6	0
201501101800 	58365	嘉定	7.9	225	1.1	0
201501101800 	58367	徐家汇	9.3	////	0.1	0
201501101800 	58369	南汇	8.4	150	1.2	0
201501101800 	58370	浦东	7.3	////	0	0
201501101800 	58460	金山	8.8	236	1.9	0
201501101800 	58461	青浦	6.9	////	0	0
201501101800 	58462	松江	7.6	////	0	0
201501101800 	58463	奉贤	6.5	////	0	0
201501102100 	58361	闵行	4.7	234	0.3	0
201501102100 	58362	宝山	4.2	////	0	0
201501102100 	58365	嘉定	4.2	////	0	0
201501102100 	58367	徐家汇	7.8	////	0	0
201501102100 	58369	南汇	6	216	2.5	0
201501102100 	58370	浦东	4	////	0	0
201501102100 	58460	金山	5.1	242	1.3	0
201501102100 	58461	青浦	3.2	////	0	0
201501102100 	58462	松江	6.1	258	1	0
201501102100 	58463	奉贤	3.6	291	0.8	0
201501110000 	58361	闵行	2.6	////	0	0
201501110000 	58362	宝山	2.7	294	0.8	0
201501110000 	58365	嘉定	2.7	////	0.2	0
201501110000 	58367	徐家汇	6.5	////	0	0
201501110000 	58369	南汇	3.7	231	0.9	0
201501110000 	58370	浦东	2.6	////	0	0
201501110000 	58460	金山	3.1	266	0.7	0
201501110000 	58461	青浦	0.4	////	0.2	0
201501110000 	58462	松江	3.5	281	0.4	0
201501110000 	58463	奉贤	0.7	334	0.7	0
201501110300 	58361	闵行	1.3	////	0	0
201501110300 	58362	宝山	1.3	276	1.4	0
201501110300 	58365	嘉定	2	270	0.7	0
201501110300 	58367	徐家汇	5.6	266	0.4	0
201501110300 	58369	南汇	2.2	240	1.1	0
201501110300 	58370	浦东	1.7	211	0.8	0
201501110300 	58460	金山	0.8	261	0.3	0
201501110300 	58461	青浦	-0.8	////	0	0
201501110300 	58462	松江	2	274	0.3	0
201501110300 	58463	奉贤	-0.3	290	0.6	0
201501110600 	58361	闵行	0.4	////	0.1	0
201501110600 	58362	宝山	0.5	263	0.9	0
201501110600 	58365	嘉定	1.2	252	0.3	0
201501110600 	58367	徐家汇	4.9	////	0.1	0
201501110600 	58369	南汇	2.5	230	1	0
201501110600 	58370	浦东	1.4	220	0.5	0
201501110600 	58460	金山	4.4	244	3.1	0
201501110600 	58461	青浦	-1.5	////	0	0
201501110600 	58462	松江	1.7	245	1.1	0
201501110600 	58463	奉贤	-0.8	266	1.1	0
201501110900 	58361	闵行	6.8	245	0.6	0
201501110900 	58362	宝山	7.1	268	1.3	0
201501110900 	58365	嘉定	6.7	266	1	0
201501110900 	58367	徐家汇	6	262	0.3	0
201501110900 	58369	南汇	7.8	254	1.9	0
201501110900 	58370	浦东	8.6	195	0.6	0
201501110900 	58460	金山	7.4	250	1.8	0
201501110900 	58461	青浦	5.5	243	1.5	0
201501110900 	58462	松江	7.3	247	1.4	0
201501110900 	58463	奉贤	5.3	272	2.6	0
201501111200 	58361	闵行	14.1	351	2.6	0
201501111200 	58362	宝山	13.4	335	2.1	0
201501111200 	58365	嘉定	13.6	349	3.7	0
201501111200 	58367	徐家汇	12.9	268	2	0
201501111200 	58369	南汇	14.3	339	4.9	0
201501111200 	58370	浦东	14.3	60	1.3	0
201501111200 	58460	金山	14.1	359	3.2	0
201501111200 	58461	青浦	14.2	354	2.1	0
201501111200 	58462	松江	14.5	33	4.4	0
201501111200 	58463	奉贤	14.1	344	3.3	0
201501111500 	58361	闵行	15.5	341	2.2	0
201501111500 	58362	宝山	13.7	33	3.9	0
201501111500 	58365	嘉定	14.5	26	3.9	0
201501111500 	58367	徐家汇	14.1	350	1.3	0
201501111500 	58369	南汇	13	38	5.8	0
201501111500 	58370	浦东	14.4	357	1.3	0
201501111500 	58460	金山	16	347	2.5	0
201501111500 	58461	青浦	15.1	337	3.4	0
201501111500 	58462	松江	15.4	10	3.1	0
201501111500 	58463	奉贤	15.5	13	3.5	0
201501111800 	58361	闵行	10.1	73	1	0
201501111800 	58362	宝山	9.7	49	2.4	0
201501111800 	58365	嘉定	10.3	40	2.7	0
201501111800 	58367	徐家汇	11.5	65	0.7	0
201501111800 	58369	南汇	8	32	2.4	0
201501111800 	58370	浦东	9.8	72	2.7	0
201501111800 	58460	金山	7.8	87	2.1	0
201501111800 	58461	青浦	11.2	38	3.2	0
201501111800 	58462	松江	9.6	45	1	0
201501111800 	58463	奉贤	8	102	3.1	0
201501112100 	58361	闵行	7.9	60	1.9	0
201501112100 	58362	宝山	7	59	4.5	0
201501112100 	58365	嘉定	7	40	1.7	0
201501112100 	58367	徐家汇	8.4	314	1	0
201501112100 	58369	南汇	6.4	23	4.5	0
201501112100 	58370	浦东	7.5	21	1.9	0
201501112100 	58460	金山	5.8	67	1.8	0
201501112100 	58461	青浦	7.4	28	2.8	0
201501112100 	58462	松江	7.1	27	1.2	0
201501112100 	58463	奉贤	6.5	61	2.7	0
201501120000 	58361	闵行	6.3	46	3.5	0
201501120000 	58362	宝山	5.8	51	2.7	0
201501120000 	58365	嘉定	5.7	62	3.5	0
201501120000 	58367	徐家汇	7	40	0.7	0
201501120000 	58369	南汇	5.4	27	3.5	0
201501120000 	58370	浦东	6.1	44	2.1	0
201501120000 	58460	金山	5	46	3.4	0
201501120000 	58461	青浦	6.1	72	5.8	0
201501120000 	58462	松江	4.3	31	1	0
201501120000 	58463	奉贤	5.5	45	4	0
201501120300 	58361	闵行	5.1	50	2.7	0
201501120300 	58362	宝山	5.2	62	3	0
201501120300 	58365	嘉定	4.8	64	2.8	0
201501120300 	58367	徐家汇	6	100	3.4	0
201501120300 	58369	南汇	4.5	44	2	0
201501120300 	58370	浦东	4.8	62	1.3	0
201501120300 	58460	金山	3.8	47	3.1	0
201501120300 	58461	青浦	4.9	65	5.5	0
201501120300 	58462	松江	3.9	44	2	0
201501120300 	58463	奉贤	4.2	46	3.8	0
201501120600 	58361	闵行	4.6	45	3.6	0
201501120600 	58362	宝山	4.6	60	2.9	0
201501120600 	58365	嘉定	4.4	55	4.2	0
201501120600 	58367	徐家汇	5.4	94	2.6	0
201501120600 	58369	南汇	4.3	32	2.7	0
201501120600 	58370	浦东	4.4	60	2.2	0
201501120600 	58460	金山	1.6	65	1.4	0
201501120600 	58461	青浦	4.1	61	4.4	0
201501120600 	58462	松江	3.2	49	2.1	0
201501120600 	58463	奉贤	3.8	48	3.8	0
201501120900 	58361	闵行	6.6	72	3.3	0
201501120900 	58362	宝山	7	57	5.9	0
201501120900 	58365	嘉定	7.3	95	3.6	0
201501120900 	58367	徐家汇	6.3	90	1.6	0
201501120900 	58369	南汇	7.4	51	5.6	0
201501120900 	58370	浦东	7	52	5.3	0
201501120900 	58460	金山	5.4	17	2.1	0
201501120900 	58461	青浦	6.2	12	3.7	0
201501120900 	58462	松江	6.8	40	2.3	0
201501120900 	58463	奉贤	6.4	29	4.8	0
201501121200 	58361	闵行	9.6	65	3.6	0
201501121200 	58362	宝山	8	77	4.1	0
201501121200 	58365	嘉定	8.5	53	2.7	0
201501121200 	58367	徐家汇	8.1	99	1.7	0
201501121200 	58369	南汇	8.8	62	6.2	0
201501121200 	58370	浦东	8.4	74	2.7	0
201501121200 	58460	金山	9.8	76	5.7	0
201501121200 	58461	青浦	9.2	72	5.1	0
201501121200 	58462	松江	9.3	81	3.4	0
201501121200 	58463	奉贤	9.2	55	4.2	0
201501121500 	58361	闵行	8.2	79	3.9	0
201501121500 	58362	宝山	7.3	55	5.1	0
201501121500 	58365	嘉定	7.8	97	5.6	0
201501121500 	58367	徐家汇	8.1	95	1.5	0
201501121500 	58369	南汇	7.3	47	6.7	0
201501121500 	58370	浦东	7.5	97	5.4	0
201501121500 	58460	金山	8.3	82	5.6	0
201501121500 	58461	青浦	8.5	73	5.7	0
201501121500 	58462	松江	8.3	71	4.8	0
201501121500 	58463	奉贤	7.9	70	7.4	0
201501121800 	58361	闵行	6.9	64	3.4	0
201501121800 	58362	宝山	6.4	74	3.6	0
201501121800 	58365	嘉定	6.8	71	2.7	0
201501121800 	58367	徐家汇	7	94	1.7	0
201501121800 	58369	南汇	6.4	17	5.3	0
201501121800 	58370	浦东	6.5	15	2.6	0
201501121800 	58460	金山	6.7	47	3.3	0
201501121800 	58461	青浦	6.8	49	6	0
201501121800 	58462	松江	7	66	2.8	0
201501121800 	58463	奉贤	6.6	50	2.9	0
201501122100 	58361	闵行	6.4	59	4.3	0
201501122100 	58362	宝山	6	49	2.8	0
201501122100 	58365	嘉定	6.1	74	2.4	0
201501122100 	58367	徐家汇	6.5	41	2	0
201501122100 	58369	南汇	6.2	27	6.4	0
201501122100 	58370	浦东	6.2	65	2	0
201501122100 	58460	金山	6	35	2.4	0
201501122100 	58461	青浦	6.1	13	2.9	0
201501122100 	58462	松江	6.3	62	0.8	0
201501122100 	58463	奉贤	6.1	62	3.1	0
201501130000 	58361	闵行	6.2	64	2.4	0
201501130000 	58362	宝山	6	54	2.3	0
201501130000 	58365	嘉定	5.9	76	3.4	0
201501130000 	58367	徐家汇	6.5	39	1.1	0
201501130000 	58369	南汇	6.1	32	4.4	0
201501130000 	58370	浦东	6.1	55	1.3	0
201501130000 	58460	金山	5.7	45	2.7	0
201501130000 	58461	青浦	5.7	19	3.2	0
201501130000 	58462	松江	6	51	2.3	0
201501130000 	58463	奉贤	5.9	45	2.3	0
201501130300 	58361	闵行	6.3	41	2	0
201501130300 	58362	宝山	6.2	54	2.6	0
201501130300 	58365	嘉定	6	43	1.7	0
201501130300 	58367	徐家汇	6.6	119	0.7	0
201501130300 	58369	南汇	6.4	12	4	0
201501130300 	58370	浦东	6.4	38	2.6	0
201501130300 	58460	金山	5.7	20	3.1	0
201501130300 	58461	青浦	5.7	18	4.1	0
201501130300 	58462	松江	5.9	11	2	0
201501130300 	58463	奉贤	5.9	29	2.8	0
201501130600 	58361	闵行	6.4	77	3.1	0
201501130600 	58362	宝山	6.2	60	5.5	0
201501130600 	58365	嘉定	6.2	79	3.3	0
201501130600 	58367	徐家汇	6.9	87	1	0
201501130600 	58369	南汇	6.6	74	1.8	0
201501130600 	58370	浦东	6.4	80	1.5	0
201501130600 	58460	金山	6	43	3.7	0
201501130600 	58461	青浦	6	45	3.5	0
201501130600 	58462	松江	6.2	67	2.5	0
201501130600 	58463	奉贤	5.9	55	2.7	0
201501130900 	58361	闵行	8.2	67	3.4	0
201501130900 	58362	宝山	7.1	41	4.8	0
201501130900 	58365	嘉定	7.4	64	3.6	0
201501130900 	58367	徐家汇	8.3	48	1.5	0
201501130900 	58369	南汇	8.2	41	2.8	0
201501130900 	58370	浦东	8.1	62	2.5	0
201501130900 	58460	金山	7.3	51	2.6	0
201501130900 	58461	青浦	7.3	14	4.1	0
201501130900 	58462	松江	7.5	14	2.1	0
201501130900 	58463	奉贤	7.5	44	3	0
201501131200 	58361	闵行	9.8	35	3.5	0